  -1.6715560e-03
  -1.6356750e-03
  -1.5984680e-03
  -1.5612610e-03
  -1.5258890e-03
  -1.4958180e-03
  -1.4767550e-03
  -1.4741050e-03
  -1.4933710e-03
  -1.5435240e-03
  -1.6311890e-03
  -1.7364900e-03
  -1.8307810e-03
  -1.9809340e-03
  -2.1824630e-03
  -2.4481090e-03
  -2.6430120e-03
  -2.5401580e-03
  -3.1825630e-03
  -3.6432140e-03
  -2.7306780e-03
  -8.0522800e-05
   2.0272130e-03
  -4.1730800e-03
  -4.9337310e-03
   1.3817500e-04
  -4.1208900e-04
   1.4227290e-03
   3.0779750e-03
   9.9208770e-03
   1.2776733e-02
   4.0037640e-03
   3.3656410e-03
   1.1445441e-02
   5.4133430e-03
   2.3436243e-02
   1.7549404e-02
  -1.2984684e-02
   4.0026420e-03
  -6.7675700e-04
  -1.6997927e-02
  -3.2252739e-02
  -4.4472899e-02
  -4.2556491e-02
  -3.4215017e-02
  -2.4277220e-02
  -1.3789983e-02
  -1.5571834e-02
  -5.2578900e-04
   2.4248677e-02
   2.7432158e-02
   2.3095774e-02
   6.4808230e-03
   1.3013226e-02
   2.8803204e-02
   4.2707355e-02
   4.1381160e-02
   2.3114123e-02
  -3.1065180e-03
   1.9268055e-02
   4.8530993e-02
   1.8796090e-03
  -4.2312860e-03
   2.0781814e-02
   2.0040735e-02
   3.8596253e-02
   4.8530993e-02
  -3.5450500e-04
  -3.9980553e-02
  -2.1431150e-02
  -3.3751210e-03
  -3.1412800e-04
  -2.7550400e-03
   1.6722698e-02
   7.0563569e-02
   1.0512721e-01
   1.0715575e-01
   9.2972291e-02
   8.2836735e-02
   8.4581889e-02
   7.8329100e-02
   4.5608470e-02
   3.0181388e-02
   1.9280288e-02
   1.5734933e-02
   2.5316973e-02
   2.4355711e-02
   3.4202786e-02
   5.0317941e-02
   2.7949994e-02
   1.8961226e-02
   5.2919365e-02
   6.3802115e-02
   7.6033486e-02
   5.7014158e-02
  -8.0688930e-03
   8.3281180e-03
   6.6999866e-02
   7.7854076e-02
   5.2988680e-02
   5.6419868e-02
   1.0095087e-01
   1.2745133e-01
   1.3048904e-01
   1.2236469e-01
   1.3207925e-01
   1.4245639e-01
   1.1405686e-01
   8.6675667e-02
   8.2137451e-02
   4.8453522e-02
   2.8443368e-02
   6.0064100e-02
   5.2858203e-02
   4.9437211e-02
   1.1029540e-01
   1.1879691e-01
   1.1281323e-01
   1.2104971e-01
   7.6205761e-02
   8.8241412e-02
   1.4760419e-01
   1.2658486e-01
   1.0130968e-01
   9.5391246e-02
   7.0593130e-02
   2.7369976e-02
   1.1349621e-02
   2.6262945e-02
  -8.1027360e-03
  -8.7941721e-02
  -1.6388346e-01
  -2.0279266e-01
  -2.2498426e-01
  -2.5916361e-01
  -3.1724706e-01
  -3.7294522e-01
  -4.1634984e-01
  -4.8453522e-01
  -5.2980527e-01
  -5.2572780e-01
  -5.4871449e-01
  -5.8949933e-01
  -5.9736882e-01
  -6.1699163e-01
  -5.6042702e-01
  -5.2306725e-01
  -5.5664517e-01
  -5.1983586e-01
  -4.8891849e-01
  -5.0442305e-01
  -5.1595209e-01
  -3.2131435e-01
  -2.2674776e-01
  -2.4138586e-01
  -1.0304770e-01
  -1.1088663e-02
   6.4608434e-02
   1.6851139e-01
   2.8324102e-01
   3.7968324e-01
   4.5492265e-01
   5.2441280e-01
   5.8182351e-01
   6.0615578e-01
   6.3771534e-01
   5.7646165e-01
   5.7224147e-01
   5.1179307e-01
   3.3672715e-01
   2.6667633e-01
   1.9839920e-01
   1.1334330e-01
  -8.4186376e-02
  -2.9109014e-01
  -3.3871493e-01
  -3.7116134e-01
  -4.2850067e-01
  -4.5658421e-01
  -4.5769531e-01
  -4.9749137e-01
  -5.4647189e-01
  -6.0798043e-01
  -4.4028453e-01
  -1.0374087e-01
  -1.5248695e-01
  -1.3610574e-01
   9.4250576e-02
   1.9511684e-01
   2.4457647e-01
   2.5880682e-01
   2.9875578e-01
   3.7008082e-01
   3.4700237e-01
   3.8776681e-01
   4.5965249e-01
   4.5327126e-01
   5.0514678e-01
   5.2020282e-01
   5.5927512e-01
   4.2761382e-01
   2.4302704e-01
   2.9503508e-01
   2.6177318e-01
   1.3033613e-01
   4.7021314e-02
  -2.7915300e-04
  -8.7454463e-02
  -1.8064184e-01
  -2.1587113e-01
  -9.8125187e-02
   9.4969228e-02
   1.0038206e-01
   1.2215062e-01
   2.1113108e-01
   2.1710456e-01
   2.0574882e-01
  -3.3386273e-02
  -1.7308834e-01
  -4.0450479e-02
  -4.3280241e-02
  -1.7364899e-02
   4.9986649e-02
   7.1378042e-02
  -1.9905159e-02
  -1.6067246e-01
   5.8861248e-02
   1.6172241e-01
   7.2136451e-02
   9.2476879e-02
   5.0861266e-02
   8.3783725e-02
   6.8142576e-02
  -8.4022258e-02
  -1.1194677e-01
  -9.5344355e-02
  -1.7825652e-01
  -2.2794042e-01
  -2.5136545e-01
  -2.8044795e-01
  -1.4186516e-01
  -3.3164052e-02
  -1.1835858e-01
  -1.1859304e-01
  -8.4372920e-02
  -7.4873449e-02
  -6.7180294e-02
  -2.7016260e-03
   7.3960098e-02
   5.9658394e-02
   1.0572864e-01
   2.2590169e-01
   2.9963243e-01
   3.7553442e-01
   2.5580989e-01
  -3.9629890e-02
  -3.3092697e-02
   2.6658457e-02
  -4.4768515e-02
  -4.8217030e-02
  -9.3567601e-02
  -1.3224235e-01
  -1.9172235e-01
  -5.4629859e-02
   1.6885797e-01
   7.9980473e-02
  -3.4546310e-03
  -8.7896868e-02
  -1.5363884e-01
  -1.1077450e-01
  -8.8035502e-02
  -5.3448415e-02
  -5.9702226e-02
  -1.5170204e-01
  -1.7885795e-01
  -1.5238502e-01
  -1.5564699e-01
  -1.5319031e-01
  -1.2054002e-01
  -6.2408641e-02
  -4.1779732e-02
  -3.1570784e-02
  -8.1678740e-03
  -6.1729744e-02
  -6.4933611e-02
   7.7283230e-03
  -9.7686860e-03
  -1.1663585e-02
   1.3758382e-02
   2.1728805e-02
   6.0142591e-02
   6.0318941e-02
   1.5767553e-02
   4.4665558e-02
   8.6034486e-02
   9.2595125e-02
   1.3350636e-01
   7.2039612e-02
  -4.5933650e-02
  -5.3956060e-02
  -1.1965318e-01
  -1.8031564e-01
  -1.3929636e-01
  -1.6060111e-01
  -2.2696183e-01
  -1.4926576e-01
  -1.0717614e-01
  -1.8349607e-01
  -1.8611584e-01
  -1.7591198e-01
   2.6814400e-06
   1.2028518e-01
   9.9100720e-02
   2.0754291e-01
   2.7447447e-01
   2.8503510e-01
   2.1365910e-01
   1.2891921e-01
   1.4682947e-01
   1.1606501e-01
   7.5677728e-02
   8.1155802e-02
   5.9162980e-02
   3.0999939e-02
   4.4266985e-02
   1.2373064e-01
   2.1623810e-01
   2.3460707e-01
   2.9971397e-01
   2.3645213e-01
   1.0340448e-01
   1.7398538e-01
   1.7476010e-01
   4.2365869e-02
  -6.8493236e-02
  -8.1679756e-02
  -5.6708348e-02
   5.7731789e-02
   1.5595280e-01
   1.2338406e-01
   7.8005961e-02
   4.4089615e-02
   5.8155848e-02
   2.6605451e-02
  -7.0988640e-03
   2.1953065e-02
   5.0037617e-02
   1.0360836e-01
   1.1287439e-01
   6.2972351e-02
   3.0937760e-03
  -2.3308822e-02
   3.4800130e-03
  -1.4839930e-03
  -2.1724727e-02
  -2.7080475e-02
  -7.7083433e-02
  -9.5783703e-02
  -8.0814313e-02
  -1.0095597e-01
  -1.1752270e-01
  -1.3406701e-01
  -1.4338402e-01
  -1.4993854e-01
  -9.2750070e-02
   1.8652360e-03
  -1.5872547e-02
  -6.5874486e-02
  -7.5989654e-02
  -6.9860207e-02
  -6.4883663e-02
  -6.8500372e-02
  -3.2937752e-02
  -2.4722682e-02
  -6.5556440e-03
   3.7001964e-02
   2.1175289e-02
   2.2584053e-02
   6.6863271e-02
   6.3547274e-02
   1.9002001e-02
  -3.9985648e-02
  -7.1921366e-02
  -9.4309700e-02
  -1.5942883e-01
  -1.3792021e-01
  -8.7797990e-02
  -5.3841890e-02
  -4.8163004e-02
  -1.2209965e-01
  -1.3528006e-01
  -1.1056043e-01
  -1.1228316e-01
  -4.4070248e-02
   3.4051918e-02
   2.3997913e-02
   2.2698222e-02
   4.0817450e-02
   2.6660498e-02
   2.0418919e-02
   3.6735911e-02
   2.5063151e-02
  -1.2384277e-02
  -3.3767516e-02
  -2.1813412e-02
  -2.1920445e-02
  -3.4538156e-02
  -3.5385250e-02
  -2.6633995e-02
  -2.9246629e-02
  -6.1242486e-02
  -9.8520699e-02
  -7.4262847e-02
   5.9501411e-02
   7.6727675e-02
   1.8116172e-02
   1.0385300e-02
  -3.7083513e-02
  -4.9217026e-02
  -1.1028520e-02
  -1.4463784e-02
  -3.7442332e-02
  -5.0906116e-02
  -8.2498310e-03
   8.3343360e-02
   5.1612536e-02
  -8.4444300e-04
  -1.4010170e-03
  -1.9804242e-02
  -4.9114072e-02
  -7.0340329e-02
  -1.1251761e-01
  -1.0807318e-01
  -4.0229279e-02
  -9.0192479e-02
  -1.3041768e-01
  -1.1296614e-01
  -1.1606501e-01
  -9.3479936e-02
  -7.2552353e-02
  -6.3761340e-02
  -3.6923473e-02
   7.1436150e-03
   5.1200714e-02
   1.1990802e-01
   6.6186411e-02
   1.1226277e-02
   5.0624771e-02
  -2.2596285e-02
  -1.4063173e-02
   3.9531012e-02
   1.8608525e-02
   3.5678829e-02
   6.0905078e-02
   2.0909234e-02
  -1.8519841e-02
   3.8920412e-02
   6.6407614e-02
   4.2418875e-02
   7.5579870e-02
   1.1929640e-01
   1.1565726e-01
   1.1918427e-01
   9.7806126e-02
   7.3020241e-02
   5.4421911e-02
   7.7924410e-03
  -1.7395480e-02
  -3.5891875e-02
  -5.3916303e-02
  -1.9821571e-02
   1.4624843e-02
   1.8637070e-03
  -2.9345508e-02
  -2.6455604e-02
   3.5550386e-02
   5.8442288e-02
   3.5490245e-02
   4.2407661e-02
   7.2697102e-02
  -1.8592216e-02
  -1.1191619e-01
  -4.0965260e-02
   4.5252712e-02
   7.5125233e-02
   7.9759270e-02
   1.0702323e-01
   6.5032490e-02
  -1.9672744e-02
   9.2253639e-02
   1.6070304e-01
   7.6075281e-02
   9.0545179e-02
   5.7136482e-02
  -3.7475970e-02
  -4.5628858e-02
  -6.1736880e-02
  -4.7414788e-02
   2.2442361e-02
   5.1149750e-03
  -4.8528955e-02
  -6.7718518e-02
  -6.8074278e-02
  -6.7752159e-02
  -6.2306705e-02
  -1.3882745e-02
   1.8334316e-02
   3.7969344e-02
   8.3207785e-02
   7.0712396e-02
   3.8346509e-02
   5.4227211e-02
   6.5440236e-02
   7.1839814e-02
   7.2864278e-02
   5.8324042e-02
   2.7793011e-02
  -3.4255800e-04
  -3.5981580e-03
  -1.3326171e-02
  -1.6062149e-02
  -1.4047882e-02
  -3.9105936e-02
  -5.5241479e-02
  -4.5027432e-02
  -4.8294501e-02
  -6.3329129e-02
  -6.9987629e-02
  -3.9826628e-02
   2.9446425e-02
   1.3610574e-02
  -3.2224195e-02
  -2.0479062e-02
  -1.8855212e-02
  -2.9763448e-02
  -5.2591130e-03
   3.6645186e-02
   2.6873544e-02
   1.7930647e-02
   3.6835808e-02
   8.2424910e-03
  -3.5285351e-02
  -3.3839892e-02
  -3.9061083e-02
  -9.4618570e-03
   4.2504502e-02
   2.7165083e-02
   9.7139460e-03
   1.4227291e-02
   8.5333160e-03
   7.0775600e-03
   2.0541243e-02
   3.3228272e-02
   3.1442344e-02
   1.7494358e-02
   1.0506605e-02
   5.2883700e-04
  -3.1388315e-02
  -5.1917328e-02
  -5.5566658e-02
  -5.4422928e-02
  -5.5551366e-02
  -6.2103852e-02
  -2.8361819e-02
   1.1638101e-02
   1.8743082e-02
   2.5466820e-02
   2.7723696e-02
   3.2769558e-02
   4.9037618e-02
   5.4115081e-02
   1.6271119e-02
  -1.0760427e-02
  -1.6036700e-05
   4.2717550e-03
   4.0786870e-03
   7.4480990e-03
   3.7849060e-03
  -1.0442385e-02
  -2.4530022e-02
  -3.6820518e-02
  -5.0391337e-02
  -6.1272050e-02
  -6.1466747e-02
  -5.5726699e-02
  -4.5875546e-02
  -3.0164059e-02
  -2.3970390e-02
  -2.1640120e-02
   4.6749140e-03
   3.3117162e-02
   5.5791936e-02
   7.3171108e-02
   6.9115049e-02
   6.4293448e-02
   6.2530965e-02
   2.5644189e-02
  -1.8408730e-02
  -2.6379153e-02
  -2.6951016e-02
  -2.1348581e-02
  -9.1945790e-03
  -1.2505582e-02
  -1.9183448e-02
  -1.4930653e-02
  -1.6533096e-02
  -6.2589070e-03
   9.1083410e-03
  -1.5156952e-02
  -3.6190549e-02
  -2.7199741e-02
  -1.8723714e-02
  -5.0632930e-03
   1.9784874e-02
   3.6882698e-02
   4.9559535e-02
   6.2985602e-02
   6.8869384e-02
   6.7429020e-02
   5.6064107e-02
   3.5226230e-02
   1.5321070e-02
  -1.0331270e-03
  -1.5372039e-02
  -1.8990788e-02
  -2.5551427e-02
  -3.7653341e-02
  -4.1183405e-02
  -3.7320008e-02
  -3.4140603e-02
  -4.0778716e-02
  -4.4933651e-02
  -4.9336292e-02
  -4.1122243e-02
  -1.2943909e-02
  -1.5148800e-03
   5.7411710e-03
   1.5380194e-02
   2.0350622e-02
   2.8796068e-02
   3.6913279e-02
   2.2142667e-02
  -1.3374081e-02
  -2.0748175e-02
  -7.9328080e-03
   3.8300600e-04
  -2.4509630e-03
  -1.4265007e-02
  -1.2195694e-02
  -5.7691020e-03
  -5.5663500e-03
  -2.5965290e-03
   2.9267020e-03
   4.1716530e-03
  -5.5991730e-03
  -1.2839934e-02
  -1.4868472e-02
  -2.0999958e-02
  -2.3319016e-02
  -1.6742066e-02
  -2.7272120e-03
   3.5456600e-04
  -9.9918250e-03
  -1.6107001e-02
  -1.6437276e-02
   1.4312920e-03
   2.1292516e-02
   2.2976509e-02
   1.8873561e-02
   5.8685920e-03
  -9.7038540e-03
  -7.0369890e-03
   4.6976500e-04
  -5.7392340e-03
   7.1577800e-04
   1.5099868e-02
   1.4662560e-02
   6.4597220e-03
   5.0480020e-03
   9.4971270e-03
   1.4056037e-02
   2.0115148e-02
   1.8571828e-02
   1.2860321e-02
   9.5431000e-03
   1.4037689e-02
   1.8384265e-02
   1.7332279e-02
   9.6099710e-03
  -6.2634940e-03
  -1.8639106e-02
  -2.3967332e-02
  -2.2044808e-02
  -1.8651339e-02
  -6.9125240e-03
   7.6114020e-03
   9.7355560e-03
   8.2475880e-03
   2.8558560e-03
  -4.7840880e-03
  -5.6873480e-03
  -4.8521820e-03
  -2.2930637e-02
  -4.5895933e-02
  -5.1487154e-02
  -5.4922417e-02
  -4.3624785e-02
  -4.0358740e-03
   1.7386306e-02
   9.7669530e-03
   3.0388320e-03
   1.1394473e-02
   3.0904118e-02
   4.0253741e-02
   3.7667610e-02
   2.7670688e-02
   1.9922488e-02
   2.4299646e-02
   3.7751199e-02
   3.7734890e-02
   2.9513702e-02
   3.0382201e-02
   3.5336319e-02
   3.6964247e-02
   2.6376093e-02
   1.8964284e-02
   4.2845990e-03
  -9.4326010e-03
  -1.5505576e-02
  -1.5748185e-02
  -4.9991740e-03
  -1.4032590e-03
  -1.7122290e-02
  -3.5570776e-02
  -3.8027446e-02
  -2.5006066e-02
   2.1213005e-02
   4.6737929e-02
   3.7629893e-02
   2.5200765e-02
   1.8919432e-02
   3.8272093e-02
   4.3763418e-02
   2.4027475e-02
   1.5233405e-02
   3.1604423e-02
   3.0506565e-02
  -1.7331260e-03
  -9.2677690e-03
  -2.0127380e-03
  -2.9137560e-03
  -4.1971370e-03
  -2.5946940e-03
   8.3331130e-03
   1.6419947e-02
   1.4408738e-02
   1.4658482e-02
  -3.5892900e-04
  -2.4334304e-02
  -2.9644182e-02
  -2.4946943e-02
  -2.4345517e-02
  -1.9858268e-02
  -2.2226260e-03
   9.0470770e-03
   2.0919428e-02
   3.3927557e-02
   3.5111041e-02
   2.8651319e-02
   1.9626872e-02
   9.2889720e-03
  -1.6189570e-03
  -1.1797122e-02
  -1.3441359e-02
  -5.3170130e-03
   8.7580860e-03
   1.0624851e-02
  -3.4456610e-03
  -8.3293410e-03
  -1.3361849e-02
  -2.6514729e-02
  -3.1246624e-02
  -2.6305757e-02
  -1.4845026e-02
  -2.7601400e-04
  -2.1305800e-04
  -1.0372049e-02
  -2.0231356e-02
  -3.0503507e-02
  -3.0674759e-02
  -2.5841946e-02
  -2.6770588e-02
  -2.0200775e-02
  -6.3528920e-03
  -3.9545300e-04
  -2.3938790e-03
  -5.5440260e-03
  -1.0638103e-02
  -1.8888851e-02
  -2.9564670e-02
  -3.3031535e-02
  -2.9894946e-02
  -3.1896981e-02
  -2.5694138e-02
  -1.7209955e-02
  -1.9836861e-02
  -1.8239515e-02
  -5.5916300e-03
   4.8457600e-03
   3.5023400e-04
  -1.5697216e-02
  -2.2261933e-02
  -1.9855210e-02
  -1.4805271e-02
   5.4378080e-03
   1.3887842e-02
  -5.4924460e-03
  -1.8207915e-02
  -1.0370010e-02
   2.0723710e-03
   5.2475940e-03
   5.1887760e-03
   1.2245643e-02
   1.8576925e-02
   2.3712491e-02
   3.2476999e-02
   5.0502447e-02
   7.0794965e-02
   7.7117072e-02
   6.5464702e-02
   5.1902036e-02
   4.7260863e-02
   4.6873504e-02
   5.0842916e-02
   4.8588077e-02
  -5.6718540e-03
  -7.4812287e-02
  -9.4285235e-02
  -1.3173266e-01
  -1.6780802e-01
  -1.7293543e-01
  -1.7643186e-01
  -1.7859291e-01
  -1.2199772e-01
   1.3708400e-04
  -3.4754260e-03
  -4.6985635e-02
   5.7659420e-03
   3.3679851e-02
   3.1699223e-02
   3.9340390e-02
   4.4986657e-02
   4.2542219e-02
   5.0539144e-02
   6.6136463e-02
   7.2644096e-02
   9.5582888e-02
   1.3049923e-01
   1.3695182e-01
   1.0586115e-01
   7.6387207e-02
   9.8543127e-02
   1.1013230e-01
   7.1204750e-02
   6.0413742e-02
   7.5449390e-02
   6.5101808e-02
   4.0374028e-02
   7.1620650e-03
  -3.9313887e-02
  -8.1366811e-02
  -1.1205890e-01
  -1.4309859e-01
  -1.7230343e-01
  -1.7032586e-01
  -1.4022398e-01
  -1.2090700e-01
  -1.2453594e-01
  -1.0247686e-01
  -3.2054981e-02
   4.2715510e-03
   1.4747167e-02
   5.1142610e-02
   7.4435122e-02
   7.8112993e-02
   8.0985567e-02
   8.9724591e-02
   1.0950029e-01
   1.1899059e-01
   1.0920468e-01
   9.5311737e-02
   9.1294415e-02
   7.9925427e-02
   3.6604411e-02
   9.0794930e-03
   8.3642030e-03
  -1.5741050e-03
  -1.6994869e-02
  -3.7226224e-02
  -6.5978460e-02
  -8.5757220e-02
  -8.5611448e-02
  -7.7829611e-02
  -7.3032472e-02
  -6.7720558e-02
  -3.2848049e-02
   1.8693133e-02
   3.0957124e-02
   2.9526954e-02
   3.6657420e-02
   3.9504509e-02
   5.2880628e-02
   8.5873426e-02
   1.2213024e-01
   1.5086616e-01
   1.6005065e-01
   1.4656444e-01
   8.3236328e-02
  -2.2139609e-02
  -5.7459621e-02
  -7.2927478e-02
  -1.2543298e-01
  -1.4996912e-01
  -1.7316989e-01
  -1.9830745e-01
  -1.3074388e-01
  -3.8785854e-02
  -4.6001948e-02
  -5.6126289e-02
  -2.5860295e-02
  -1.0222202e-02
   2.1883748e-02
   4.9408668e-02
   4.8129362e-02
   5.5122213e-02
   7.0065100e-02
   8.8836723e-02
   9.9085428e-02
   1.1139631e-01
   1.2946967e-01
   1.4419951e-01
   8.3116042e-02
  -2.4237464e-02
  -4.3985641e-02
  -7.1508522e-02
  -1.3982643e-01
  -1.5493343e-01
  -1.6247674e-01
  -1.8471930e-01
  -1.8105978e-01
  -1.5835850e-01
  -1.0620774e-01
  -7.4751125e-02
  -6.3099773e-02
  -7.3959080e-03
   2.6179355e-02
   2.1357755e-02
   3.5090654e-02
   6.5650225e-02
   7.2960099e-02
   6.4424948e-02
   8.8608384e-02
   1.2385296e-01
   1.4055018e-01
   1.1135554e-01
   7.6146637e-02
   7.6525840e-02
   5.1391333e-02
   4.0614597e-02
   5.0091643e-02
   4.2240487e-02
   3.2906153e-02
   2.2931656e-02
  -9.6999810e-03
  -5.4418850e-02
  -7.2628804e-02
  -7.4866314e-02
  -6.6809245e-02
  -5.9815374e-02
  -6.5376017e-02
  -6.0219042e-02
  -1.8993846e-02
  -1.3174286e-02
  -6.6423923e-02
  -5.4564622e-02
   4.5349550e-03
   3.1967316e-02
   4.2291456e-02
   4.1033558e-02
   2.3247660e-02
   2.5197707e-02
   6.1229235e-02
   6.4149720e-02
   4.9852093e-02
   2.4304742e-02
  -2.5088635e-02
  -3.8727750e-02
  -4.1998897e-02
  -6.2674697e-02
  -5.4427006e-02
  -3.5275158e-02
  -4.0150787e-02
  -4.4925495e-02
  -5.1048827e-02
  -5.7611506e-02
  -1.7483145e-02
   6.8775601e-02
   1.0053497e-01
   8.5300543e-02
   2.0679877e-02
  -2.9223184e-02
   1.9201796e-02
   5.4580931e-02
   4.2247621e-02
   2.3186498e-02
   4.0533048e-02
   5.5156872e-02
   3.5391370e-03
  -1.0098858e-02
   2.3342461e-02
  -9.0860170e-03
  -4.5398482e-02
  -5.5827615e-02
  -8.1240409e-02
  -9.6575751e-02
  -8.9635906e-02
  -3.4308800e-02
  -1.5229327e-02
   2.3876609e-02
   5.3861259e-02
  -5.6999886e-02
  -5.9413743e-02
   6.0503447e-02
   7.5733792e-02
   8.9076275e-02
   1.5068267e-01
   5.6149735e-02
  -3.1298613e-02
   3.4762417e-02
   5.4893877e-02
   5.6805190e-03
   1.9505568e-02
   5.6486125e-02
   5.2858203e-02
   1.0263996e-02
  -5.2421913e-02
  -6.6099766e-02
  -7.8007998e-02
  -1.0142589e-01
  -9.9958005e-02
  -1.1767561e-01
  -7.2207806e-02
   3.1978530e-03
  -1.8203837e-02
  -3.1916348e-02
  -3.2279242e-02
  -2.0758368e-02
   2.2176306e-02
   4.0908176e-02
   8.0717470e-03
   4.0663530e-03
   4.4831715e-02
   6.2285297e-02
   7.9070179e-02
   8.6499317e-02
   8.4331125e-02
   7.8267938e-02
   4.9303673e-02
  -2.3848066e-02
  -5.7691015e-02
  -5.5505496e-02
  -1.1104973e-01
  -7.8935621e-02
   1.2041770e-02
  -5.0578901e-02
  -8.1395351e-02
   6.4352570e-03
   3.0229299e-02
   5.5313854e-02
   1.0832802e-01
   1.1711495e-01
   6.9827588e-02
   2.9205855e-02
   4.3143645e-02
   4.3213981e-02
   3.4405639e-02
  -4.7890830e-03
  -4.6861273e-02
  -3.6117156e-02
   1.4465822e-02
   3.6517766e-02
   8.8609400e-03
   5.0793990e-03
   2.2628905e-02
   2.8502492e-02
   1.7270098e-02
   8.6562520e-03
  -1.0575922e-02
  -2.6851119e-02
  -2.8207894e-02
  -3.5570776e-02
  -4.5598277e-02
  -5.3852083e-02
  -6.1258796e-02
  -3.7929587e-02
   9.5918260e-03
   2.2861320e-02
   2.6916359e-02
   3.3606458e-02
   2.3459688e-02
   1.7154910e-02
   2.1529009e-02
   1.4679889e-02
   4.8067180e-03
   8.2289340e-03
   2.7511670e-03
  -2.8712480e-03
  -1.2153900e-02
  -2.9790971e-02
  -3.6150795e-02
  -4.2946908e-02
  -5.0480022e-02
  -5.0895922e-02
  -4.3498383e-02
  -4.2495329e-02
  -4.5349554e-02
  -2.5748165e-02
  -4.9903060e-03
   3.9487180e-03
   1.0523934e-02
   1.0822608e-02
   9.5010000e-03
   1.2414858e-02
   1.5821579e-02
   1.6306797e-02
   1.8936761e-02
   2.3111065e-02
   2.3647251e-02
   2.1873555e-02
   2.7833786e-02
   3.4428066e-02
   3.2591167e-02
   2.2280282e-02
   8.0383120e-03
   2.7932660e-03
  -1.3916380e-03
  -1.9509640e-03
  -2.0035640e-03
  -9.8128240e-03
  -1.6709447e-02
  -2.0361835e-02
  -1.6529019e-02
  -7.9524820e-03
  -1.1856200e-04
   8.1329090e-03
   1.7461739e-02
   1.9440328e-02
   1.1565726e-02
   9.6310720e-03
   1.5466840e-02
   1.3513734e-02
   9.4029400e-04
  -1.0626890e-02
  -1.5286412e-02
  -2.2110048e-02
  -2.9261919e-02
  -2.6593220e-02
  -2.0166117e-02
  -1.5149817e-02
  -8.8631830e-03
   1.9358780e-03
   2.3017283e-02
   3.7691055e-02
   3.4398503e-02
   2.1911271e-02
   1.1557571e-02
   1.4928614e-02
   1.7636050e-02
   1.1758386e-02
   2.4541240e-03
  -8.8401450e-03
  -1.4968370e-02
  -1.5325148e-02
  -1.4592224e-02
  -1.1332291e-02
  -1.5596299e-02
  -2.6565697e-02
  -2.3281299e-02
  -1.3729840e-02
  -8.6751100e-03
  -4.3885740e-03
  -3.4928570e-03
  -6.9056950e-03
  -2.5116160e-03
   9.8089510e-03
   1.7011179e-02
   1.4043805e-02
   3.5065170e-03
   5.8596210e-03
   1.9070298e-02
   1.8919432e-02
   1.2468884e-02
  -9.0181270e-03
  -3.2285357e-02
  -2.5173242e-02
  -1.8176314e-02
  -8.9656290e-03
   7.3184360e-03
   4.8514680e-03
  -8.5558440e-03
  -6.0678780e-03
   1.1250742e-02
   1.2427090e-02
   9.4457510e-03
   1.5662560e-03
  -1.3535141e-02
  -1.4827697e-02
  -5.6004990e-03
   1.2998955e-02
   2.2441341e-02
   2.0517798e-02
   1.8326161e-02
   9.9304590e-03
  -1.6067250e-03
  -7.4777630e-03
  -1.5878660e-03
   3.5935710e-03
   3.6705330e-03
   5.2238430e-03
   3.6905100e-04
  -7.3515650e-03
  -8.0235310e-03
  -7.0911170e-03
  -1.1972453e-02
  -1.6474993e-02
  -1.3546354e-02
  -1.8436250e-03
   7.2661430e-03
   4.9335270e-03
   2.0443380e-03
  -7.8889750e-03
  -1.6362862e-02
  -1.5949000e-02
  -1.9819532e-02
  -2.1862342e-02
  -1.7436255e-02
  -1.5692119e-02
  -1.9117189e-02
  -1.8258883e-02
  -1.6745125e-02
  -1.6526980e-02
  -1.4469900e-02
  -1.3345539e-02
  -1.3361849e-02
  -1.4165109e-02
  -1.0752272e-02
  -6.2442280e-03
  -8.8106860e-03
  -1.2452574e-02
  -1.0373068e-02
  -7.7873440e-03
  -3.8500430e-03
   2.3364890e-03
   5.5096730e-03
   1.0777756e-02
   1.7703329e-02
   2.4333285e-02
   2.7742046e-02
   1.7347570e-02
   4.8747100e-03
   3.6083520e-03
   6.5459600e-03
   5.4460640e-03
   4.6003990e-03
   6.0871440e-03
   8.4740910e-03
   9.8831610e-03
   5.5862270e-03
   2.2347560e-03
  -2.0259900e-03
  -6.2373980e-03
  -9.5852000e-03
  -1.3942888e-02
  -1.4718625e-02
  -1.3394469e-02
  -8.1535000e-03
  -3.8786870e-03
  -4.7466770e-03
  -1.3278260e-03
   5.5026390e-03
   6.6641050e-03
   7.2011070e-03
   8.4303600e-03
   4.6807250e-03
  -1.1378160e-03
  -2.0022400e-04
   5.1229250e-03
   8.0626750e-03
   7.9024310e-03
   6.5462660e-03
   9.8927430e-03
   1.4494364e-02
   1.7655418e-02
   1.9530032e-02
   1.5093752e-02
   8.4015120e-03
   9.4383090e-03
   1.5002009e-02
   1.5709449e-02
   1.3041768e-02
   9.4950880e-03
   5.1964220e-03
   3.1120220e-03
   3.5019300e-03
   1.1017310e-03
  -1.1961240e-03
   6.5544200e-04
   1.9010200e-04
   1.8488200e-05
   3.8950990e-03
   6.5233310e-03
   7.2739920e-03
   8.3927460e-03
   9.3929470e-03
   7.1090580e-03
  -1.3259910e-03
  -5.0169110e-03
  -1.1628930e-03
   1.5553490e-03
   6.4965200e-04
  -7.2441240e-03
  -1.5631977e-02
  -1.6716582e-02
  -1.3114143e-02
  -8.1863240e-03
  -6.7898950e-03
  -7.7148670e-03
  -4.0656390e-03
  -1.7066220e-03
   5.2346500e-04
   5.6442290e-03
   4.7277170e-03
   5.5887760e-03
   9.2520710e-03
   8.8533970e-03
   1.0992842e-02
   1.2249721e-02
   6.9381100e-03
   1.2499470e-03
  -2.9650300e-03
  -1.3328210e-03
   3.6600330e-03
   3.2252700e-04
  -4.1661490e-03
  -2.8330220e-03
   1.0573880e-03
   3.7813380e-03
   1.9012190e-03
  -1.7028510e-03
  -2.0416880e-03
   5.5076300e-04
   3.9893910e-03
   5.1258820e-03
   4.3911230e-03
   3.9116130e-03
   2.1222180e-03
   1.6809340e-03
   5.9065100e-04
  -3.5924490e-03
  -6.6121170e-03
  -9.2989620e-03
  -7.7589040e-03
  -6.1488150e-03
  -1.0757369e-02
  -1.1446460e-02
  -7.6442250e-03
  -4.2896960e-03
   2.4402600e-03
   9.4251600e-03
   1.2283360e-02
   1.5276218e-02
   1.6113118e-02
   1.7578966e-02
   2.0674780e-02
   1.9101899e-02
   1.6528000e-02
   1.2797120e-02
   5.0973390e-03
  -4.6654340e-03
  -1.3213021e-02
  -1.7144716e-02
  -1.8507608e-02
  -1.9369992e-02
  -1.9095782e-02
  -1.5727797e-02
  -9.2971270e-03
  -5.3718550e-03
  -1.8966320e-03
   5.7235400e-04
  -1.3421990e-03
  -1.2084580e-03
   1.4223210e-03
  -4.9873500e-04
   1.8432200e-04
   3.2589130e-03
   4.6056990e-03
   7.7095670e-03
   3.0968340e-03
  -1.1980600e-04
   4.0665570e-03
   2.9706360e-03
  -3.9360780e-03
  -6.7956030e-03
  -1.0960223e-02
  -1.7963267e-02
  -2.2288437e-02
  -2.4729818e-02
  -2.6163046e-02
  -2.2663563e-02
   7.3190480e-03
   2.8550403e-02
   2.4983640e-02
   1.0784892e-02
   3.0014210e-03
   1.3138608e-02
   1.3261951e-02
   8.0906060e-03
   1.4711490e-03
  -8.6981480e-03
  -1.4244620e-02
  -1.2314960e-02
  -3.0388320e-03
   6.6203740e-03
   2.8045820e-03
  -9.0982490e-03
  -1.4008127e-02
  -1.3788963e-02
  -1.0040041e-02
   1.6029530e-03
   1.3173266e-02
   9.3144560e-03
  -3.5797070e-03
  -3.9272090e-03
   4.0926520e-03
   2.2957140e-03
  -3.5273120e-03
  -6.6188450e-03
  -1.2745133e-02
  -1.7805265e-02
  -1.6371017e-02
  -8.5200640e-03
   1.5653380e-03
   1.7888850e-03
  -9.6257710e-03
  -1.4863375e-02
  -9.2722550e-03
  -2.5136550e-03
   3.0713500e-03
   6.9302610e-03
   9.0275050e-03
   9.8355560e-03
   8.9705220e-03
   7.0500370e-03
   1.0377145e-02
   1.2119242e-02
   6.4774590e-03
   2.1765500e-03
   4.9721610e-03
   7.5627780e-03
   5.3711410e-03
  -1.3220160e-03
  -6.2418840e-03
  -4.9597250e-03
  -3.0923490e-03
  -2.1662550e-03
  -3.3111040e-03
  -2.6840930e-03
  -2.3276200e-03
   2.4222170e-03
   1.2261953e-02
   1.5105984e-02
   9.6558420e-03
   5.0402550e-03
   8.6253650e-03
   1.1133515e-02
   1.0106300e-02
   1.1203851e-02
   1.0017309e-02
   9.1238350e-03
   6.9823510e-03
   2.0656430e-03
   1.4528000e-03
  -6.4874500e-04
  -5.2906110e-03
  -7.3829620e-03
  -7.8291380e-03
  -8.8147630e-03
  -1.3014245e-02
  -1.3796099e-02
  -1.1049927e-02
  -5.0856170e-03
   3.5297590e-03
   9.7170040e-03
   1.1879691e-02
   1.3064194e-02
   1.6297623e-02
   1.4597320e-02
   8.6359660e-03
   1.5758380e-03
  -3.6508590e-03
  -6.9853070e-03
  -8.7632850e-03
  -6.7840840e-03
  -6.3567660e-03
  -9.7177180e-03
  -1.2986722e-02
  -1.5628919e-02
  -1.7512707e-02
  -1.3096814e-02
  -9.9540070e-03
  -7.8837760e-03
  -3.0880670e-03
   5.5493300e-04
   9.3778610e-03
   1.6693137e-02
   1.8428098e-02
   1.4505578e-02
   7.3906070e-03
   4.6246600e-03
   3.5771590e-03
   1.0404670e-03
  -2.1183440e-03
  -6.6549300e-03
  -1.1647275e-02
  -1.4261949e-02
  -1.3809351e-02
  -1.4654405e-02
  -1.3327190e-02
  -4.9570750e-03
  -1.4804250e-03
  -3.0535110e-03
  -1.8484200e-04
   1.8412810e-03
  -4.0647200e-04
  -2.2981600e-04
  -2.0646240e-03
  -8.5994730e-03
  -1.3823622e-02
  -1.2820566e-02
  -9.4416730e-03
  -7.5193530e-03
  -2.5420950e-03
   1.6324130e-03
   1.8569790e-03
   2.9356720e-03
   7.6976400e-03
   8.8235300e-03
   3.7686980e-03
  -1.8782840e-03
  -4.5324070e-03
  -4.8828650e-03
  -4.3579930e-03
  -3.5997890e-03
  -4.8036600e-03
  -7.2659380e-03
  -5.7492240e-03
  -3.8896970e-03
  -4.0974430e-03
  -5.4962170e-03
  -6.5019240e-03
  -4.4351590e-03
  -6.1869400e-03
  -9.3901950e-03
  -6.7571730e-03
  -4.6695120e-03
  -4.8664530e-03
  -3.4552400e-04
   4.2052920e-03
   5.0804180e-03
   5.2244540e-03
   6.2158900e-03
   5.7573790e-03
   4.3988700e-03
   6.2761340e-03
   8.5896870e-03
   9.1451400e-03
   1.0339429e-02
   1.0380204e-02
   8.3387190e-03
   6.8453480e-03
   5.8804160e-03
   4.5250670e-03
   5.1490210e-03
   4.9195620e-03
   3.1695100e-05
  -3.7578930e-03
  -4.1526930e-03
  -3.5377090e-03
  -3.8180350e-03
  -6.2054920e-03
  -7.7337260e-03
  -6.5676730e-03
  -3.6781780e-03
   1.8251700e-04
   2.6168140e-03
   4.6078400e-03
   4.8377070e-03
   6.3968270e-03
   9.1503380e-03
   8.6827550e-03
   6.8896910e-03
   6.3702220e-03
   6.8312810e-03
   7.1147670e-03
   7.1820450e-03
   6.5288350e-03
   6.5442270e-03
   7.9717480e-03
   9.7528860e-03
   8.9462610e-03
   9.2049770e-03
   1.0344526e-02
   9.1364750e-03
   8.6178220e-03
   7.3690980e-03
   4.7333240e-03
   5.7269000e-03
   7.8655300e-03
   5.6293470e-03
   1.9323100e-03
   1.2546360e-03
   1.6590180e-03
  -3.4723700e-04
  -3.8912260e-03
  -6.5491200e-03
  -7.5642050e-03
  -7.1444300e-03
  -5.0940770e-03
  -2.0002000e-03
   3.8675760e-03
   7.1844910e-03
   6.2964200e-03
   6.1291420e-03
   2.5084560e-03
  -1.3075410e-03
  -6.1287340e-03
  -1.1908233e-02
  -1.3236467e-02
  -1.1780812e-02
  -9.8284210e-03
  -8.1049790e-03
  -4.2663520e-03
  -9.6125200e-04
   5.2533000e-04
   4.6708400e-04
   9.7054900e-04
   2.4769570e-03
   4.3234370e-03
   3.8839880e-03
   1.9832780e-03
   2.6335320e-03
   6.7151800e-04
  -2.1854190e-03
  -1.7433200e-03
  -1.5364900e-03
   6.5512600e-04
   4.5472900e-03
   3.9253750e-03
  -1.6555520e-03
  -5.8341370e-03
  -5.7565630e-03
  -2.8515740e-03
  -7.1504400e-04
  -2.0750210e-03
  -3.6066190e-03
  -1.0128930e-03
   1.6103940e-03
   2.2889860e-03
   4.3252720e-03
   2.8339390e-03
  -1.6733910e-03
  -3.2736940e-03
  -1.9250730e-03
  -1.2863400e-04
   3.1367930e-03
   6.8243490e-03
   7.5716470e-03
   5.7091630e-03
   6.7995790e-03
   6.2510580e-03
   9.3427900e-04
  -4.7534050e-03
  -6.9858170e-03
  -7.5266920e-03
  -9.5786760e-03
  -9.9862180e-03
  -1.0792027e-02
  -1.1548397e-02
  -1.0736982e-02
  -1.0048706e-02
  -1.1523932e-02
  -1.1493351e-02
  -8.6448350e-03
  -6.7596190e-03
  -6.0485100e-03
  -1.8272130e-03
   1.7622800e-03
   4.7766500e-04
   2.3902090e-03
   3.7972400e-03
   3.2231330e-03
   2.1127380e-03
   1.1822610e-03
   2.3165090e-03
   3.1888820e-03
   2.3986700e-03
  -2.0983600e-04
  -4.3045800e-04
   7.5368900e-04
  -6.8582900e-04
  -6.4237380e-03
  -9.5720500e-03
  -1.0620774e-02
  -1.2076428e-02
  -1.1544319e-02
  -9.9309690e-03
  -5.4540160e-03
  -1.3020360e-03
   2.4413810e-03
   4.7739970e-03
   4.0841920e-03
   9.4574700e-04
  -2.6439290e-03
  -3.0996880e-03
  -1.6418930e-03
   2.8559600e-05
   1.8005060e-03
   3.5829690e-03
   5.6781740e-03
   7.2254700e-03
   5.6540150e-03
   2.9267020e-03
   1.8230340e-03
  -1.6739010e-03
  -5.0574820e-03
  -4.0496350e-03
  -4.3442320e-03
  -7.4829620e-03
  -9.2493190e-03
  -1.0694168e-02
  -1.1345543e-02
  -7.8330120e-03
  -4.9792970e-03
  -4.2652310e-03
  -1.6297620e-03
   2.4469880e-03
   4.7984610e-03
   6.1748090e-03
   1.0149419e-02
   1.3415875e-02
   1.2660525e-02
   1.0470927e-02
   5.8713440e-03
   2.6003010e-03
   1.4185500e-03
   1.6443390e-03
   9.5419800e-04
  -1.9330240e-03
  -9.2525800e-04
   1.3870510e-03
  -3.9150800e-04
  -3.1240510e-03
  -5.2878590e-03
  -7.5327070e-03
  -6.1914250e-03
  -4.7157910e-03
  -3.6379130e-03
   8.9312800e-04
   3.8012160e-03
   4.3561590e-03
   8.1176190e-03
   1.2643196e-02
   1.3684988e-02
   1.1798142e-02
   9.2850990e-03
   7.7386190e-03
   7.7395360e-03
   4.6085530e-03
   4.2674740e-03
   7.6423900e-03
   2.3825640e-03
  -6.8483040e-03
  -5.5259830e-03
   7.6154800e-04
  -3.8169100e-04
  -3.3277200e-06
   5.0334250e-03
   5.7698150e-03
  -3.4840910e-03
  -1.3862358e-02
  -1.0533108e-02
  -9.0153700e-04
  -1.0427090e-03
  -3.7881680e-03
  -1.6076420e-03
  -4.6060050e-03
  -1.1914349e-02
  -1.3222196e-02
  -3.6533060e-03
   4.6705310e-03
  -4.6777680e-03
  -1.1570823e-02
  -8.5206760e-03
  -7.8032460e-03
  -1.2222200e-03
   9.5758220e-03
   1.3563683e-02
   1.5960213e-02
   1.7532075e-02
   1.2069293e-02
   8.3352530e-03
   4.4333250e-03
  -3.6606450e-03
  -6.7320970e-03
   1.2377140e-03
   9.2664400e-04
  -1.6576929e-02
  -2.9275170e-02
  -2.6945920e-02
  -2.1159998e-02
  -1.9298636e-02
  -1.8898025e-02
  -1.2757365e-02
  -1.3392430e-03
  -2.0917390e-03
  -1.7815460e-03
   1.5274179e-02
   2.5449490e-02
   1.3254815e-02
  -6.6704250e-03
  -5.8151770e-03
   1.2622809e-02
   1.6014239e-02
   5.6471850e-03
   4.5930590e-03
   1.0426075e-02
   1.9196700e-02
   2.0390377e-02
   1.9223203e-02
   1.0068991e-02
  -1.6174280e-02
  -1.6478051e-02
  -6.0426990e-03
  -1.3228312e-02
  -2.8751218e-02
  -2.7667630e-02
  -1.5215056e-02
  -1.1651353e-02
  -4.1848030e-03
   3.1551410e-03
   8.2911150e-03
   1.1184483e-02
   2.4306781e-02
   4.1915308e-02
   3.1423994e-02
   5.9287340e-03
  -6.8350500e-05
   6.1267970e-03
   1.1516797e-02
   1.5340438e-02
   1.4060115e-02
   1.1719650e-02
   4.3627840e-03
  -9.5637900e-04
  -4.0607460e-03
  -1.1397531e-02
  -1.3801196e-02
  -1.1095798e-02
  -1.0728827e-02
  -2.0250724e-02
  -2.7812381e-02
  -2.3031554e-02
  -1.4131470e-02
  -2.1538180e-03
   7.5942760e-03
   1.5406700e-03
  -7.4873450e-03
  -2.7172220e-03
   2.8517780e-03
   2.5962230e-03
  -3.6145700e-04
  -8.4100700e-04
   1.1599365e-02
   2.6216055e-02
   2.5803210e-02
   2.1465808e-02
   1.8639106e-02
   7.3301590e-03
  -6.7786800e-04
   2.0378140e-03
   2.9202800e-03
  -1.5871530e-03
  -4.6908160e-03
  -4.1025400e-03
  -5.1643120e-03
  -3.0818490e-03
  -2.4343480e-03
  -4.4180340e-03
  -6.2298500e-04
  -2.2718610e-03
  -7.5065090e-03
  -1.1459712e-02
  -1.7574888e-02
  -1.5440336e-02
  -6.0279190e-03
   4.0269030e-03
   1.1602423e-02
   1.2391413e-02
   7.6043680e-03
   5.4756260e-03
   7.5810250e-03
   4.3288390e-03
  -1.6349610e-03
  -8.7548240e-03
  -1.3884784e-02
  -1.0607522e-02
  -3.9439270e-03
   1.5846040e-03
   5.4391330e-03
   6.5071220e-03
   9.2172090e-03
   1.3763479e-02
   1.4545333e-02
   1.2779791e-02
   9.6295420e-03
   5.6503450e-03
   4.1174230e-03
   2.3534100e-03
  -2.4106990e-03
  -6.8034520e-03
  -8.8105840e-03
  -8.6914200e-03
  -6.4361750e-03
  -1.5372040e-03
   4.7602350e-03
   7.9105860e-03
   8.1066100e-03
   1.0218124e-02
   1.1534126e-02
   8.6079340e-03
   2.4576910e-03
  -4.1744060e-03
  -9.8836700e-03
  -1.5113120e-02
  -2.0063161e-02
  -2.4667637e-02
  -2.6954073e-02
  -2.2500465e-02
  -1.1498448e-02
  -9.3035500e-04
   4.4895930e-03
   5.8025370e-03
   5.7154830e-03
   5.8387240e-03
   5.2682870e-03
   3.2174250e-03
   2.1563670e-03
   2.3567740e-03
   2.6397500e-03
   4.9637010e-03
   8.1925420e-03
   7.6516670e-03
   4.3303690e-03
   3.8361800e-03
   4.9059030e-03
   3.8756290e-03
   7.5120100e-04
  -3.5937750e-03
  -5.3933630e-03
  -4.7877580e-03
  -3.3406660e-03
  -4.9881650e-03
  -1.0744117e-02
  -1.4915363e-02
  -1.6347572e-02
  -1.5690081e-02
  -1.5372039e-02
  -1.3128414e-02
  -7.0680800e-03
  -2.0556530e-03
   1.6351600e-04
   3.3733880e-03
   5.0198680e-03
   4.1641100e-03
   4.9876560e-03
   5.4313860e-03
   5.5318950e-03
   4.1054960e-03
   6.7606400e-04
  -1.5561640e-03
   1.7484200e-04
   1.3499460e-03
   1.0581020e-03
   6.2745000e-04
   1.7144700e-04
   2.4604440e-03
   7.3053900e-04
  -3.8407670e-03
  -4.2254760e-03
  -3.5719600e-03
  -4.9256780e-03
  -3.4561600e-03
   2.9799100e-04
   1.4801190e-03
   3.9710420e-03
   6.2845950e-03
   6.5330140e-03
   6.0497330e-03
   5.3504480e-03
   4.2475960e-03
   3.6491260e-03
   6.3761300e-04
  -5.3155860e-03
  -8.4874450e-03
  -1.1539223e-02
  -1.2438303e-02
  -1.1536164e-02
  -1.0332293e-02
  -4.8589100e-03
   4.5967300e-04
  -1.8715560e-03
  -4.1031520e-03
  -1.7973460e-03
   2.3134510e-03
   1.0392436e-02
   1.4445435e-02
   1.3636058e-02
   1.3141666e-02
   1.3372043e-02
   1.5177340e-02
   1.6852158e-02
   1.4058076e-02
   5.6517730e-03
  -1.0868480e-03
  -6.0668580e-03
  -7.5111980e-03
  -3.3457630e-03
  -2.8954070e-03
  -6.3526890e-03
  -7.0259800e-03
  -7.7390260e-03
  -1.0093558e-02
  -8.2025320e-03
  -4.6042720e-03
  -4.6796030e-03
  -2.9607480e-03
  -2.0550420e-03
  -2.6805250e-03
  -3.0849100e-04
   2.1309850e-03
   5.7822510e-03
   8.9806140e-03
   1.0817511e-02
   1.0600387e-02
   8.9442230e-03
   9.6380030e-03
   9.6419790e-03
   6.8422900e-03
   4.9143630e-03
   3.1556510e-03
   3.3388300e-04
  -1.0595290e-03
  -3.8677800e-03
  -8.0890770e-03
  -1.1027501e-02
  -1.2049925e-02
  -1.1083566e-02
  -1.0498450e-02
  -1.0518837e-02
  -1.1178367e-02
  -9.3412660e-03
  -5.2151780e-03
  -2.2933700e-03
  -2.3014200e-04
   7.4955000e-04
   1.0267050e-03
   2.3892920e-03
   5.8500390e-03
   1.0125362e-02
   1.2007112e-02
   1.1641159e-02
   1.1823626e-02
   8.5883620e-03
   2.9203810e-03
  -1.4089680e-03
  -4.0811330e-03
  -6.2837800e-03
  -9.2788800e-03
  -1.0970416e-02
  -1.2275205e-02
  -1.2242585e-02
  -9.9696030e-03
  -6.7557460e-03
  -2.8207890e-03
   9.5485000e-04
   2.9534090e-03
   2.2023400e-03
   7.5525800e-04
  -8.7762300e-04
  -1.9376110e-03
  -7.1138500e-04
   4.5048800e-04
   7.6586000e-04
   1.8760410e-03
   2.9276190e-03
   5.1822530e-03
   7.4747050e-03
   9.3692980e-03
   8.6523780e-03
   4.9447400e-03
   3.7833770e-03
   1.7392420e-03
  -2.3555510e-03
  -3.0343470e-03
  -3.6102880e-03
  -4.2462710e-03
  -3.3077410e-03
  -4.6117140e-03
  -5.5679810e-03
  -6.1208850e-03
  -5.7563600e-03
  -5.2448420e-03
  -5.8622720e-03
  -5.2755250e-03
  -3.9816430e-03
  -3.4696160e-03
  -3.5884740e-03
  -4.1312860e-03
  -3.5019300e-03
  -5.7668600e-04
   1.2480100e-03
  -1.7755300e-04
   4.8472900e-05
   3.3126340e-03
   5.3050860e-03
   6.8285290e-03
   7.4730740e-03
   6.2077350e-03
   6.0200700e-03
   7.6174160e-03
   8.0579860e-03
   5.9131380e-03
   2.1176310e-03
  -7.2611500e-04
  -2.4353670e-03
  -2.1790990e-03
  -3.2141630e-03
  -5.1854130e-03
  -5.7827610e-03
  -6.9273050e-03
  -6.9028400e-03
  -5.2837820e-03
  -3.5342440e-03
  -2.1978550e-03
   5.4900000e-04
   2.3471920e-03
   4.8193580e-03
   7.4605360e-03
   8.8983510e-03
   1.0350642e-02
   1.0658490e-02
   9.7174120e-03
   6.1029440e-03
   2.2323100e-03
  -4.6642100e-04
  -3.6471890e-03
  -6.0373990e-03
  -7.5641030e-03
  -7.6363760e-03
  -6.5654300e-03
  -4.9135480e-03
  -2.0540220e-03
  -4.7246600e-04
   3.6109000e-04
   4.2932600e-04
   1.0455640e-03
   2.6211980e-03
   3.1368950e-03
   2.1511680e-03
   2.8701270e-03
   2.5577930e-03
   1.6128400e-04
  -4.9757300e-04
  -8.5575800e-04
   8.4769500e-04
   2.6132470e-03
   2.8623800e-03
   2.5956120e-03
   3.3808290e-03
   5.0044750e-03
   4.3835790e-03
   3.6226230e-03
   2.4402600e-03
   9.0360700e-04
  -2.4766500e-04
   6.2034500e-05
   4.1995800e-04
  -1.7074400e-04
  -1.5241600e-04
  -5.9662500e-05
   1.5983660e-03
   2.8999940e-03
   4.2601340e-03
   4.6214990e-03
   5.1680830e-03
   6.2295490e-03
   6.3302630e-03
   5.1100820e-03
   2.5910240e-03
   1.9752250e-03
   1.1133510e-03
  -1.7042780e-03
  -3.7261900e-03
  -5.3660440e-03
  -7.6978440e-03
  -6.7795990e-03
  -3.8227240e-03
  -1.5414850e-03
   3.4682900e-04
   2.3062140e-03
   3.7882700e-03
   5.1977470e-03
   5.4745050e-03
   4.8104900e-03
   3.6880660e-03
   3.3090660e-03
   2.9547340e-03
   8.9967200e-04
   2.2706400e-04
  -1.0176330e-03
  -1.7363880e-03
  -6.6545200e-04
  -1.7779800e-04
  -1.0294580e-03
  -2.3531040e-03
  -3.1932660e-03
  -2.6611570e-03
  -1.7455620e-03
  -1.5188550e-03
  -9.5423900e-04
  -1.6891900e-04
   1.1904160e-03
   1.6964290e-03
   1.1044830e-03
  -2.2636000e-04
  -7.4934600e-04
   1.9637100e-04
  -5.0006000e-04
  -4.3913300e-04
   4.2012100e-05
   6.1732800e-04
   1.3019340e-03
  -2.3180400e-04
  -2.7608510e-03
  -5.3318960e-03
  -6.7377030e-03
  -5.7890810e-03
  -6.1691010e-03
  -6.2148700e-03
  -2.6058050e-03
  -6.4387200e-04
   1.8282330e-03
   1.1321080e-03
  -1.4628920e-03
   8.9378000e-04
   1.5026470e-03
   1.6587120e-03
   1.7151850e-03
   1.9816470e-03
   2.8505550e-03
   2.2927580e-03
   2.0414840e-03
   8.4017200e-04
   1.0059000e-03
   2.7816460e-03
   3.1268030e-03
   2.2822580e-03
   1.2988760e-03
   1.4086620e-03
   3.1491270e-03
   3.1973430e-03
   8.5867300e-04
  -9.2555400e-04
  -1.7899050e-03
  -2.7071300e-03
  -4.0576880e-03
  -5.0549340e-03
  -6.3531980e-03
  -7.5693020e-03
  -6.4212920e-03
  -2.7645200e-03
   5.0477000e-04
  -4.9023300e-04
  -2.1718600e-04
  -4.4552400e-06
   8.0823500e-04
   4.2718570e-03
   4.1724690e-03
   4.9213970e-03
   5.7551360e-03
   3.1068240e-03
  -4.5605400e-04
  -4.2204800e-04
   1.2470920e-03
  -9.0146600e-04
  -2.9174250e-03
  -1.1806300e-03
  -1.8181410e-03
  -2.6204840e-03
  -1.6274180e-03
  -2.5176300e-03
  -2.2695160e-03
  -1.3358790e-03
  -1.7176320e-03
  -2.3037670e-03
  -6.4934600e-04
   2.4229300e-04
   3.7028500e-04
   1.0509660e-03
   7.1018200e-04
   5.7153800e-04
   8.9526800e-04
   8.9067100e-04
   8.9942700e-04
   1.0977550e-03
   1.7687020e-03
   2.7957130e-03
   2.0856230e-03
   1.0070720e-03
   1.2230350e-03
  -6.5726700e-04
  -1.4793040e-03
  -2.6153870e-03
  -3.8377090e-03
   1.1112100e-04
   1.4684990e-03
   1.6442370e-03
   2.1562650e-03
  -6.1503400e-04
  -1.4751240e-03
  -8.1654300e-04
  -9.6264800e-05
   8.5915200e-04
  -2.8674800e-04
  -4.6665600e-04
   2.7949990e-03
   2.8374050e-03
  -6.8119100e-04
   4.0064100e-05
   2.2845010e-03
   3.0864360e-03
   3.1875570e-03
   1.2153900e-03
   2.2480100e-04
   2.8125300e-04
  -1.7635030e-03
  -4.1909190e-03
  -6.5212920e-03
  -9.3820400e-03
  -1.1124341e-02
  -9.9082370e-03
  -6.1075310e-03
  -1.3929600e-04
   4.5265960e-03
   3.1624810e-03
   3.5570800e-04
   4.8117100e-04
   1.8484160e-03
  -1.0468900e-04
  -2.9874560e-03
  -1.6702310e-03
  -1.8403600e-04
   8.0886700e-04
   2.0518820e-03
   3.9878620e-03
   4.8821510e-03
   4.3722640e-03
   3.4872510e-03
   6.0327100e-04
  -7.7891800e-04
  -1.2707420e-03
  -1.4404660e-03
  -1.3111080e-03
  -3.6073300e-05
   1.2905170e-03
   2.4913300e-03
   3.0800140e-03
   1.3540240e-03
   2.0726770e-03
   2.7924510e-03
   1.9749200e-03
   4.6349500e-04
  -1.2112110e-03
  -2.1910250e-03
  -6.0396400e-04
   2.2538180e-03
   3.6486170e-03
   9.0087500e-04
  -2.6702290e-03
   3.1669700e-04
   2.2729820e-03
   1.9721670e-03
   2.4013200e-03
   2.0676820e-03
   3.5517800e-04
   6.5244500e-04
  -1.1288460e-03
  -4.9246590e-03
  -3.9619700e-03
  -3.4103910e-03
  -3.4652330e-03
  -3.3983620e-03
  -3.6417870e-03
  -3.2855180e-03
  -3.1276190e-03
  -1.5339420e-03
   7.3204700e-04
   1.0155330e-03
   3.4112060e-03
   5.0776660e-03
   4.3748130e-03
   4.4353630e-03
   4.1495330e-03
   4.8070240e-03
   2.9170180e-03
  -9.0195500e-04
  -1.7133500e-03
  -1.9722690e-03
  -1.5082540e-03
  -2.5283330e-03
  -3.5286370e-03
  -1.9948990e-03
  -2.0875600e-03
  -2.0566730e-03
  -1.9530030e-03
  -2.0097820e-03
  -1.6468880e-03
  -1.4762460e-03
  -1.2889880e-03
  -1.1397530e-03
  -1.2505580e-03
  -8.6713400e-04
  -8.8527900e-04
  -9.8131300e-04
  -1.1473980e-03
  -1.1465830e-03
  -8.0672600e-04
  -2.9221140e-03
  -3.9867400e-03
  -4.1410720e-03
  -3.1973430e-03
  -9.8187400e-04
  -2.1752250e-03
  -1.4370000e-03
   1.3984680e-03
   2.1350620e-03
   2.2402610e-03
   2.2960200e-03
   1.3993860e-03
   8.4861200e-04
   1.5664600e-03
   7.1870400e-04
  -5.3216000e-04
  -3.2282300e-04
  -8.9750100e-04
  -7.2752100e-04
  -2.1577900e-04
   1.0815470e-03
   2.1304750e-03
   1.0194680e-03
   1.4616690e-03
   3.3928580e-03
   5.2006010e-03
   7.3821460e-03
   8.8932540e-03
   8.3362730e-03
   8.4991680e-03
   7.3233290e-03
   5.2654330e-03
   2.9764470e-03
   6.1102800e-04
   6.0652300e-04
   1.5800170e-03
   1.1689070e-03
  -1.0271130e-03
  -2.7744080e-03
  -2.8226240e-03
  -1.9927590e-03
  -1.6349610e-03
  -1.0573900e-04
   9.9699100e-04
   1.4900070e-03
   2.7017280e-03
   2.4894960e-03
   4.9806200e-04
  -7.3474900e-04
   4.3969300e-04
   1.2883770e-03
   2.1583040e-03
   2.8165080e-03
   1.2034630e-03
   5.8778700e-04
   2.0458670e-03
   2.7257850e-03
   1.4361850e-03
   9.4021200e-04
   6.1005000e-04
  -8.7999800e-04
  -1.9783850e-03
  -1.2595290e-03
  -1.0990800e-03
  -1.7893950e-03
  -2.0145730e-03
  -2.8692090e-03
  -3.2703300e-03
  -2.0858270e-03
  -4.3231300e-04
  -5.3829700e-05
  -4.1249700e-04
  -1.8207910e-03
  -2.0861320e-03
  -2.8006060e-03
  -3.1569760e-03
  -2.0765500e-03
  -1.3903130e-03
  -1.4405680e-03
  -1.7536150e-03
  -1.4581010e-03
  -1.1408740e-03
  -2.5251700e-04
   9.3570700e-05
  -1.6006100e-04
   1.5280300e-03
   3.6925510e-03
   3.8317970e-03
   3.7436210e-03
   4.3499400e-03
   3.9576880e-03
   3.3782810e-03
   4.5713460e-03
   4.9560550e-03
   4.2042730e-03
   3.2330210e-03
   3.2294530e-03
   2.3042770e-03
   1.4431160e-03
   1.6857250e-03
   9.8882600e-04
   1.3883760e-03
   2.6082520e-03
   2.5071310e-03
   1.3313940e-03
   1.0784890e-03
   8.2274000e-04
  -9.6512500e-04
  -3.1774660e-03
  -5.1603360e-03
  -7.6371920e-03
  -3.9131420e-03
   5.4673690e-03
   1.1912311e-02
   1.4404660e-02
   9.3241400e-03
  -1.3415880e-03
  -8.2963140e-03
  -6.1327090e-03
  -3.3892900e-03
  -5.6508550e-03
  -5.0855150e-03
  -3.3599320e-03
  -2.4362850e-03
   1.4104970e-03
   2.5291490e-03
  -5.2561600e-04
  -3.7404610e-03
  -5.8410690e-03
  -5.5102850e-03
  -4.9653320e-03
  -3.4194630e-03
  -2.1219120e-03
  -1.1260900e-04
   3.4983620e-03
   5.4564620e-03
   3.8846000e-03
   1.1166130e-03
   6.2498300e-04
   3.3112100e-04
   1.4708400e-04
  -9.2400400e-04
  -2.2182420e-03
  -3.2420930e-03
  -3.6124290e-03
  -2.4993830e-03
  -6.6469800e-04
   1.0404670e-03
   1.8779780e-03
   1.0745140e-03
   5.4417800e-04
   2.4678850e-03
   2.0123300e-03
   5.0590100e-05
  -2.3766520e-03
  -4.5983600e-03
  -4.7511630e-03
  -4.3293490e-03
  -3.2636020e-03
  -2.3579970e-03
  -1.7609550e-03
   6.0271000e-05
   1.4773670e-03
   1.7087630e-03
   1.8606490e-03
   1.9755310e-03
   1.3946960e-03
  -1.0171230e-03
  -1.9780800e-03
  -1.5800170e-03
  -8.2689900e-04
   7.9291400e-04
   1.4280300e-03
   2.9343470e-03
   3.8208890e-03
   3.2393410e-03
   3.8545280e-03
   3.3907170e-03
   3.1843970e-03
   1.6830750e-03
   2.7280300e-04
   1.3884780e-03
   1.6142680e-03
   2.1114130e-03
   2.3675790e-03
   2.2184460e-03
   1.9140630e-03
   2.3530020e-03
   2.9215030e-03
   1.7903120e-03
   1.1207900e-04
   2.7239500e-04
   1.5739010e-03
   9.4725600e-04
   1.8258900e-04
  -6.8737900e-04
  -1.1292540e-03
  -1.3265010e-03
  -2.2025440e-03
  -2.8209930e-03
  -3.5183410e-03
  -2.4714530e-03
  -3.4367920e-03
  -3.7420920e-03
  -1.9477030e-03
  -1.8240530e-03
  -8.2218000e-04
  -4.0042700e-04
   6.6180300e-04
   1.4379180e-03
   2.3621770e-03
   3.5785860e-03
   2.8251730e-03
   2.2590170e-03
   2.5096790e-03
   1.5973460e-03
   7.7348500e-04
   1.0904160e-03
   1.2200790e-03
   8.6157800e-04
   2.4808300e-05
  -4.8336300e-04
  -4.5151800e-04
  -3.2858200e-04
   3.5922500e-04
   1.3661540e-03
   2.1968360e-03
   1.7146750e-03
   2.0018310e-03
   2.0398530e-03
   4.2443300e-04
  -3.0337400e-04
  -9.8179200e-04
  -1.6011180e-03
  -1.9321060e-03
  -1.1827700e-03
  -2.0268050e-03
  -2.3969370e-03
  -8.9448300e-04
   4.9031500e-05
  -4.0081500e-04
  -6.8599300e-04
  -5.5681800e-04
  -8.6206800e-04
  -2.2595300e-04
  -1.9847100e-04
  -4.5943800e-04
  -1.2672760e-03
  -1.6400580e-03
  -1.4224230e-03
  -2.5056020e-03
  -1.9022390e-03
  -8.6539100e-04
  -1.1392430e-03
   7.5191500e-04
   2.9753250e-03
   2.9841940e-03
   3.2470880e-03
   3.6392380e-03
   2.2491290e-03
   2.1476000e-03
   2.0937780e-03
   2.0961220e-03
   2.4251740e-03
   2.2794040e-03
   1.5216080e-03
  -5.5147700e-05
  -1.1750230e-03
  -1.7327180e-03
  -1.8443390e-03
  -2.5554490e-03
  -2.2498430e-03
  -1.6313930e-03
  -8.5311800e-04
  -6.4232300e-04
  -1.5318010e-03
  -1.2621790e-03
  -1.0607520e-03
   6.9208800e-04
   2.2643180e-03
   2.2520850e-03
   3.2618690e-03
   4.0433150e-03
   3.7774640e-03
   3.9636010e-03
   3.9945890e-03
   1.8519840e-03
   5.2719600e-04
  -9.2793900e-04
  -2.6655400e-03
  -2.6695160e-03
  -2.7352650e-03
  -3.8934680e-03
  -3.9434170e-03
  -2.4269060e-03
  -1.7998940e-03
  -8.9092600e-04
  -7.1270000e-04
   2.2738000e-04
   1.0046300e-04
  -5.7060000e-04
   4.1436200e-04
   8.0199600e-05
   3.6781800e-05
  -7.9908100e-04
  -1.7808320e-03
  -2.1500470e-03
  -2.5664580e-03
  -2.2776710e-03
  -1.6561640e-03
  -2.0630950e-03
  -2.4827680e-03
  -7.1854100e-04
   3.0514700e-04
   1.1815500e-04
   2.6724700e-04
   9.8887700e-04
   6.9562600e-04
   9.8000800e-04
   2.7996890e-03
   2.4094750e-03
   2.4907190e-03
   1.7579990e-03
   7.6558500e-04
   1.0822610e-03
  -3.5957100e-04
   5.0118100e-04
   2.2630940e-03
   1.9129420e-03
   1.0067670e-03
   1.1759400e-04
  -2.4934700e-04
  -6.0767500e-05
   1.4085600e-04
  -5.2390300e-04
  -1.2437280e-03
  -9.1617600e-04
  -1.7181410e-03
  -4.2448440e-03
  -6.0815370e-03
  -3.6597280e-03
   4.7824570e-03
   8.5362730e-03
   7.7533990e-03
   6.7779680e-03
   9.8969200e-04
  -3.9252700e-04
   9.7971300e-04
  -1.9753270e-03
  -3.7596250e-03
  -6.5087540e-03
  -5.6310800e-03
  -1.5552470e-03
  -4.1616600e-04
   1.9356740e-03
   2.6714520e-03
   1.3764500e-03
   1.0471950e-03
   3.1556500e-04
  -1.9902100e-03
  -2.8280270e-03
  -2.8768540e-03
  -3.0060080e-03
  -1.5097830e-03
  -2.4787900e-04
   9.7297500e-05
  -1.5827700e-03
  -3.8664550e-03
  -3.7799110e-03
  -2.5695160e-03
  -2.5896990e-03
  -2.6115140e-03
  -2.7759370e-03
  -2.2737980e-03
   4.2048800e-04
   1.4579990e-03
   1.9800160e-03
   1.2291510e-03
   7.8765400e-05
   1.0560630e-03
   1.1428110e-03
   8.3968200e-04
   2.6962200e-04
  -1.7457700e-04
  -2.5292500e-04
  -1.1702320e-03
  -5.0336300e-04
  -7.7425900e-04
  -2.1385280e-03
   6.1519800e-04
   1.1812410e-03
   1.5997930e-03
   3.7800130e-03
   4.4392370e-03
   4.4863320e-03
   3.6468840e-03
   4.5430080e-03
   4.8792970e-03
   3.2332250e-03
   1.4416900e-04
   5.8008000e-05
   1.0222200e-03
   8.7645100e-04
   1.2098850e-03
  -2.3596300e-04
  -2.5851100e-04
   7.3735800e-04
   1.5732890e-03
   1.5232390e-03
   4.1968300e-05
  -4.3955100e-04
   1.8878700e-05
  -9.0046700e-05
  -1.3789980e-03
  -1.8689060e-03
  -1.9746140e-03
  -1.9265000e-03
  -2.6716600e-04
   3.1177300e-04
   6.5258800e-05
  -9.4493200e-04
  -4.9021300e-04
   4.9854100e-04
   1.8554500e-04
  -5.2720600e-05
  -1.1089680e-03
  -9.5761300e-04
  -5.9637000e-04
  -3.5077400e-04
   1.5897000e-04
   1.8785900e-04
   3.5844000e-04
   4.2358700e-04
   6.8765400e-04
   9.2442200e-04
   5.9331200e-04
   9.4688900e-05
  -1.1127400e-04
   9.0820400e-05
   5.0191500e-04
   2.4802200e-04
  -2.3651300e-04
  -2.1144700e-04
   1.0895000e-04
   8.7515600e-05
   1.3277200e-04
   5.2094700e-04
   1.9563700e-04
  -2.5541200e-05
   4.1979500e-05
  -5.0738900e-05
  -5.1368900e-05
  -1.3018300e-04
  -2.1174300e-04
  -2.4276200e-04
  -3.1863300e-04
  -3.2052900e-04
  -2.0898000e-04
  -1.9720700e-04
  -1.9069300e-04
  -2.4247700e-04
  -2.4661500e-04
  -2.3120200e-04
  -3.0843000e-04
  -3.6410700e-04
  -3.9902100e-04
  -3.7674700e-04
  -3.6698200e-04
  -3.0616700e-04
  -3.0584000e-04
  -3.6662500e-04
  -3.3343500e-04
  -3.0461700e-04
  -3.3022400e-04
  -3.6029500e-04
  -3.4736900e-04
  -3.2513700e-04
  -3.6445400e-04
  -3.7848000e-04
  -3.5238500e-04
  -3.4736900e-04
  -3.5073300e-04
  -3.6078400e-04
  -3.6866400e-04
  -3.5771600e-04
  -3.5480100e-04
  -3.5603400e-04
  -3.5822600e-04
  -3.6078400e-04
  -3.6202800e-04
  -3.6304700e-04
  -3.6447400e-04
  -3.6528000e-04
  -3.6654400e-04
  -3.6793000e-04
  -3.6947900e-04
  -3.7070300e-04
  -3.7307800e-04
  -3.7431100e-04
  -3.7581000e-04
  -3.7728800e-04
  -3.7897000e-04
  -3.7999900e-04
  -3.8158900e-04
  -3.8278200e-04
  -3.8453500e-04
  -3.8590100e-04
  -3.8757300e-04
  -3.8885800e-04
  -3.9060100e-04
  -3.9196700e-04
  -3.9368900e-04
  -3.9506500e-04
  -3.9681900e-04
  -3.9821500e-04
  -3.9999900e-04
  -4.0140600e-04
  -4.0318000e-04
  -4.0459700e-04
  -4.0639100e-04
  -4.0782800e-04
  -4.0961200e-04
  -4.1105900e-04
  -4.1284300e-04
  -4.1429100e-04
  -4.1608500e-04
  -4.1753200e-04
  -4.1930600e-04
  -4.2078400e-04
  -4.2254800e-04
  -4.2402600e-04
  -4.2582000e-04
  -4.2725700e-04
  -4.2903100e-04
  -4.3049900e-04
  -4.3228300e-04
  -4.3371000e-04
  -4.3549400e-04
  -4.3695100e-04
  -4.3868400e-04
  -4.4014200e-04
  -4.4190500e-04
  -4.4335300e-04
