   2.8921450e-02
   4.2590130e-03
   1.8332277e-02
   1.5185495e-02
   1.1429131e-02
   1.1145747e-02
   9.9861170e-03
   9.7577790e-03
   9.4463620e-03
   9.7118050e-03
   1.0292538e-02
   9.9511520e-03
   7.3714430e-03
   5.9652280e-03
   2.6835830e-03
   5.0572800e-04
  -6.9031500e-04
  -1.7741050e-03
   3.6630900e-04
   1.3256850e-03
   3.6353650e-03
   5.3427010e-03
   6.0190500e-03
   6.5713420e-03
   2.1832780e-03
   1.1257880e-03
   2.3821560e-03
   9.9100700e-04
   1.2826680e-03
   1.3572860e-03
   8.3164000e-04
   9.5516600e-04
   1.0179900e-03
   8.5519700e-04
   5.4322000e-04
   1.0009500e-04
  -8.4521700e-04
  -1.6706390e-03
  -2.7675790e-03
  -3.7777700e-03
  -4.6643130e-03
  -5.4451470e-03
  -5.8525880e-03
  -6.0728730e-03
  -5.6444330e-03
  -5.2734860e-03
  -4.3571780e-03
  -3.7044780e-03
  -3.3894940e-03
  -2.9776700e-03
  -3.3151820e-03
  -3.5238460e-03
  -4.0563630e-03
  -4.6799090e-03
  -5.0558510e-03
  -6.2008030e-03
  -6.3090600e-03
  -8.4489130e-03
  -1.4797116e-02
  -1.7870505e-02
  -2.2930637e-02
  -2.5498420e-02
  -2.1255819e-02
  -2.0164078e-02
  -1.4730857e-02
  -1.0416901e-02
  -2.2930637e-02
  -5.3431090e-03
  -4.9244550e-03
  -2.5855200e-03
   2.8260900e-03
   5.5738930e-03
   7.2605360e-03
   1.0880712e-02
   1.8046855e-02
   2.0797104e-02
   1.9381205e-02
   2.0760407e-02
   1.9605465e-02
   1.8084571e-02
   1.7339415e-02
   1.5679887e-02
   1.4488248e-02
   1.1837897e-02
   1.4364905e-02
   1.0047992e-02
  -1.1905175e-02
  -1.8623816e-02
  -1.4962253e-02
  -2.2379160e-02
  -2.7858251e-02
  -2.7028487e-02
  -2.7228285e-02
  -2.2945928e-02
   1.1316000e-04
   8.4032450e-03
   2.2744090e-03
   9.7409590e-03
   1.3492328e-02
   1.3123317e-02
   1.3514754e-02
   1.1871536e-02
   8.6762310e-03
   5.2930580e-03
   4.7401500e-05
  -4.3466780e-03
  -5.4161970e-03
  -9.6271980e-03
  -1.5657461e-02
  -1.9142673e-02
  -2.3137568e-02
  -2.5675790e-02
  -2.8668649e-02
  -2.6706368e-02
  -1.6046859e-02
  -8.5577810e-03
   8.4832650e-03
   1.9384263e-02
   2.0494352e-02
   2.7404635e-02
   2.6404636e-02
   2.5259888e-02
   2.4211980e-02
   1.9638085e-02
   1.2158997e-02
   6.8371930e-03
   4.3205830e-03
  -3.2133500e-05
  -2.5663560e-03
  -3.7532030e-03
  -1.6260930e-03
  -1.0731880e-03
   7.3401500e-04
   1.3522910e-03
  -2.4688020e-03
  -4.3400520e-03
  -1.0349623e-02
  -1.3372043e-02
  -1.7257866e-02
  -1.6858274e-02
  -2.6705350e-03
   3.4757320e-03
   1.4649308e-02
   2.3820544e-02
   2.0351641e-02
   2.4454589e-02
   2.5915340e-02
   2.4647249e-02
   2.4216058e-02
   2.2572840e-02
   2.2332269e-02
   2.0429113e-02
   1.7962247e-02
   1.5784882e-02
   1.2388354e-02
   9.4845890e-03
   7.9391280e-03
   4.4549350e-03
   6.4829600e-05
  -3.5270060e-03
  -1.1489274e-02
  -1.4355731e-02
  -1.1799161e-02
  -1.1392434e-02
  -4.2003990e-03
   9.3188400e-04
   4.3396450e-03
   1.0687033e-02
   1.3913326e-02
   1.9275191e-02
   2.6595258e-02
   3.1594229e-02
   3.8711441e-02
   4.2732841e-02
   4.2349560e-02
   4.2452514e-02
   3.7389323e-02
   3.3886782e-02
   2.5450510e-02
   2.1918407e-02
   3.3151818e-02
   3.2676794e-02
   3.0831742e-02
   3.2362831e-02
   2.7293522e-02
   2.3473959e-02
   1.7265001e-02
   1.0172559e-02
  -8.6155800e-05
  -6.8630850e-03
  -1.1234432e-02
  -1.3981623e-02
  -6.2474900e-03
  -2.3458670e-03
   5.0201740e-03
   1.2752268e-02
   1.6388346e-02
   2.2211984e-02
   2.3975487e-02
   2.6283332e-02
   2.7724716e-02
   2.8152850e-02
   2.8442348e-02
   2.7538170e-02
   2.8712481e-02
   2.7916355e-02
   1.6834829e-02
   1.6585084e-02
   3.4747128e-02
   3.5895953e-02
   2.9157944e-02
   3.3215021e-02
   3.0612580e-02
   3.1223179e-02
   3.9594211e-02
   4.2511638e-02
   5.1838837e-02
   5.6416807e-02
   4.9467792e-02
   5.1104893e-02
   5.1691027e-02
   5.0093681e-02
   5.2862281e-02
   5.3133431e-02
   5.4849024e-02
   5.5560540e-02
   5.4304682e-02
   5.3369923e-02
   4.9159942e-02
   4.6210916e-02
   4.2703277e-02
   3.9383202e-02
   3.8438252e-02
   3.6388307e-02
   3.6715524e-02
   3.6112058e-02
   3.2891881e-02
   3.2535103e-02
   3.4112063e-02
   3.3588108e-02
   3.2715531e-02
   3.2267010e-02
   3.2030516e-02
   3.0422976e-02
   2.4000971e-02
   2.1850109e-02
   2.3550412e-02
   2.1080488e-02
   2.2707396e-02
   2.0433191e-02
   9.9260760e-03
   5.3432110e-03
  -4.3082480e-03
  -9.8905000e-03
  -4.5784820e-03
  -5.9174190e-03
  -1.7985690e-03
   6.1098800e-04
  -2.6894950e-03
  -2.7311870e-03
  -8.4306660e-03
  -1.1923524e-02
  -1.4884782e-02
  -1.8100881e-02
  -1.7083554e-02
  -1.7813420e-02
  -1.4651347e-02
  -1.3387333e-02
  -1.8982633e-02
  -1.6788957e-02
  -1.2155939e-02
  -8.1104830e-03
   4.3172190e-03
   1.3213021e-02
   2.3997913e-02
   3.2651312e-02
   3.8564652e-02
   4.0573823e-02
   2.5235424e-02
   1.9882733e-02
   1.1104973e-02
   3.6013180e-03
   1.4045843e-02
   1.3883764e-02
   1.6908223e-02
   2.1855206e-02
   2.3153878e-02
   2.4353672e-02
   1.9078453e-02
   1.4593243e-02
   7.4103830e-03
  -2.0145730e-03
  -1.6946959e-02
  -2.6849079e-02
  -3.4172205e-02
  -4.0647216e-02
  -3.2660485e-02
  -3.1550396e-02
  -3.4517769e-02
  -2.8136538e-02
  -1.9940837e-02
  -1.2686009e-02
  -1.0088160e-03
   7.4401480e-03
   1.7184471e-02
   2.1533086e-02
   1.0155127e-02
   7.6983540e-03
  -9.9136400e-04
  -7.8617580e-03
   3.8950000e-04
  -2.3088640e-03
  -6.2658390e-03
  -4.2122240e-03
  -5.4815390e-03
  -3.1946930e-03
   4.7032520e-03
   9.8976360e-03
   1.8962245e-02
   2.5012182e-02
   3.1377104e-02
   3.2143666e-02
   1.5895993e-02
   9.7264840e-03
  -5.6862270e-03
  -1.4520868e-02
  -4.9131400e-05
  -4.5595200e-05
   1.9749200e-03
   1.1139631e-02
   2.3775691e-02
   3.0485158e-02
   3.1370986e-02
   3.2935714e-02
   2.0505566e-02
   1.3766537e-02
   6.8089570e-03
  -2.7340420e-03
  -6.0590090e-03
  -1.1430150e-02
  -1.3906190e-02
  -1.4645231e-02
  -1.2724745e-02
  -1.0325158e-02
  -6.5591100e-03
  -2.0252760e-03
   1.8490280e-03
   6.1611500e-03
   1.2552472e-02
   1.4865414e-02
   9.9781660e-03
   8.7687900e-03
   7.1032480e-03
   9.6712300e-04
  -6.6185390e-03
  -1.4018321e-02
  -2.9694130e-02
  -3.6796053e-02
  -3.0087605e-02
  -3.3462726e-02
  -3.1824605e-02
  -3.0178328e-02
  -3.7614604e-02
  -3.8051911e-02
  -3.8526935e-02
  -4.0713476e-02
  -3.9914293e-02
  -3.9751194e-02
  -4.1900019e-02
  -3.9382185e-02
  -3.0361814e-02
  -2.5100867e-02
  -1.7594256e-02
  -1.1042791e-02
  -3.7662510e-03
  -1.3429130e-03
  -1.4308840e-02
  -1.7552462e-02
  -2.0780794e-02
  -2.7621759e-02
  -2.5483129e-02
  -2.8920432e-02
  -3.4591165e-02
  -3.5714505e-02
  -4.1106951e-02
  -4.0067198e-02
  -2.9802182e-02
  -2.4491286e-02
  -6.2461650e-03
   1.9779780e-03
  -9.3794920e-03
  -6.2594170e-03
  -4.4356690e-03
  -9.4508480e-03
  -1.3604458e-02
  -1.7978557e-02
  -2.5400561e-02
  -2.8680880e-02
  -2.4921459e-02
  -2.5797094e-02
  -1.7646244e-02
  -1.7234420e-02
  -3.4211959e-02
  -3.5682906e-02
  -4.3398487e-02
  -4.4568717e-02
  -1.7432177e-02
  -9.1685850e-03
   2.5413810e-03
   1.5052977e-02
   7.9244490e-03
   1.0487237e-02
   5.6504470e-03
   1.0282340e-03
   1.3542280e-03
  -1.0140960e-03
   3.6437230e-03
   5.8441270e-03
   1.3102930e-02
   1.5407716e-02
   1.3810370e-02
   1.0283364e-02
  -1.1492332e-02
  -2.2480077e-02
  -3.4296569e-02
  -4.6518764e-02
  -4.1194616e-02
  -4.5268004e-02
  -4.7541190e-02
  -4.5861274e-02
  -4.8070241e-02
  -4.7298580e-02
  -4.8420903e-02
  -4.7598274e-02
  -4.4275141e-02
  -4.2193594e-02
  -3.5621742e-02
  -3.3491267e-02
  -3.3419911e-02
  -3.5069247e-02
  -4.9300615e-02
  -5.5837809e-02
  -6.5676728e-02
  -7.2486093e-02
  -6.1486117e-02
  -6.1533007e-02
  -6.0734844e-02
  -5.5722621e-02
  -5.5725679e-02
  -5.3454530e-02
  -5.2186439e-02
  -5.2227213e-02
  -5.2771555e-02
  -5.4668596e-02
  -5.8388262e-02
  -6.2636980e-02
  -6.8745020e-02
  -7.4567640e-02
  -8.2504422e-02
  -8.8379028e-02
  -8.7537032e-02
  -9.2574738e-02
  -9.8145574e-02
  -1.0323119e-01
  -1.1406705e-01
  -1.2306805e-01
  -1.3156956e-01
  -1.4408738e-01
  -1.6012200e-01
  -1.7338396e-01
  -1.9232377e-01
  -2.0422997e-01
  -2.0091703e-01
  -2.0701284e-01
  -2.1097817e-01
  -2.1071314e-01
  -2.1392414e-01
  -2.1398530e-01
  -2.1339407e-01
  -2.1312903e-01
  -2.1206889e-01
  -2.1124321e-01
  -2.0976513e-01
  -2.0951028e-01
  -2.1128398e-01
  -2.1268051e-01
  -2.1599345e-01
  -2.1915349e-01
  -2.2432167e-01
  -2.2759384e-01
  -2.2718609e-01
  -2.2907192e-01
  -2.2834817e-01
  -2.2862340e-01
  -2.3059077e-01
  -2.3161014e-01
  -2.3503521e-01
  -2.3766517e-01
  -2.4065191e-01
  -2.4376098e-01
  -2.4614630e-01
  -2.4863355e-01
  -2.4905149e-01
  -2.5096790e-01
  -2.5375077e-01
  -2.5566718e-01
  -2.6004026e-01
  -2.6224208e-01
  -2.6285370e-01
  -2.6425023e-01
  -2.6185474e-01
  -2.6165086e-01
  -2.6493321e-01
  -2.6411772e-01
  -2.6266003e-01
  -2.6192610e-01
  -2.5745106e-01
  -2.5549388e-01
  -2.5602395e-01
  -2.5436239e-01
  -2.5396483e-01
  -2.5399542e-01
  -2.5263966e-01
  -2.5389348e-01
  -2.5685983e-01
  -2.6009121e-01
  -2.6776706e-01
  -2.7320028e-01
  -2.7821555e-01
  -2.8407691e-01
  -2.8530015e-01
  -2.8938779e-01
  -2.9648260e-01
  -2.9909217e-01
  -3.0012171e-01
  -3.0170174e-01
  -3.0018290e-01
  -2.9906159e-01
  -2.9711460e-01
  -2.9481083e-01
  -2.9358760e-01
  -2.9142652e-01
  -2.9002999e-01
  -2.8823591e-01
  -2.8583021e-01
  -2.8455599e-01
  -2.8256824e-01
  -2.8104939e-01
  -2.8599331e-01
  -2.8465793e-01
  -2.7127366e-01
  -2.6880680e-01
  -2.7694135e-01
  -2.7072322e-01
  -2.6247653e-01
  -2.5284353e-01
  -2.3080484e-01
  -2.0927583e-01
  -1.7880698e-01
  -1.4805271e-01
  -1.1539223e-01
  -8.1943771e-02
  -5.3683889e-02
  -2.3378139e-02
   4.1240490e-03
   2.7905142e-02
   4.8762389e-02
   6.5562560e-02
   7.1239408e-02
   8.0904018e-02
   8.9536007e-02
   9.6516626e-02
   1.0448501e-01
   1.1656450e-01
   1.3991817e-01
   1.5964290e-01
   1.8734927e-01
   2.1274167e-01
   2.3689045e-01
   2.6021355e-01
   2.7040721e-01
   2.8605446e-01
   3.0444383e-01
   3.1176289e-01
   3.1081488e-01
   3.1302691e-01
   3.0709418e-01
   3.0430111e-01
   3.0874557e-01
   3.0807277e-01
   3.1284341e-01
   3.1751212e-01
   3.2192597e-01
   3.2856202e-01
   3.3816447e-01
   3.4516751e-01
   3.4713489e-01
   3.5318993e-01
   3.6191569e-01
   3.6532038e-01
   3.6502475e-01
   3.6658437e-01
   3.6550385e-01
   3.6393402e-01
   3.6125309e-01
   3.5928572e-01
   3.6042742e-01
   3.5909205e-01
   3.5983618e-01
   3.5890855e-01
   3.5404617e-01
   3.5181377e-01
   3.4645191e-01
   3.4414815e-01
   3.4440298e-01
   3.4601358e-01
   3.5638054e-01
   3.6419908e-01
   3.7426020e-01
   3.8592175e-01
   3.9779738e-01
   4.0864343e-01
   4.1445382e-01
   4.2197673e-01
   4.2983604e-01
   4.3210923e-01
   4.2910209e-01
   4.2671679e-01
   4.1677796e-01
   4.0999919e-01
   4.0833762e-01
   4.0103894e-01
   3.9829686e-01
   3.9167098e-01
   3.8135500e-01
   3.7102883e-01
   3.5281276e-01
   3.3735915e-01
   3.1964258e-01
   3.0304730e-01
   2.9097802e-01
   2.7718598e-01
   2.7390363e-01
   2.6369977e-01
   2.4148779e-01
   2.3194653e-01
   2.2752248e-01
   2.1699243e-01
   2.0849092e-01
   2.0237472e-01
   1.9453580e-01
   1.9109034e-01
   1.8945936e-01
   1.9210971e-01
   2.0247666e-01
   2.1416879e-01
   2.3707394e-01
   2.5530020e-01
   2.7677823e-01
   2.9349583e-01
   2.9304734e-01
   2.9895966e-01
   2.9773642e-01
   2.9088626e-01
   2.8034601e-01
   2.6679865e-01
   2.5016260e-01
   2.3238486e-01
   2.1453576e-01
   1.9539207e-01
   1.8223205e-01
   1.6194667e-01
   1.4030553e-01
   1.1587133e-01
   7.8088528e-02
   4.6771568e-02
   1.0346564e-02
  -2.3356732e-02
  -4.4396445e-02
  -7.3079365e-02
  -9.4117038e-02
  -1.1784890e-01
  -1.5085597e-01
  -1.7536152e-01
  -2.0432171e-01
  -2.2743074e-01
  -2.4575894e-01
  -2.5848063e-01
  -2.5014221e-01
  -2.4992814e-01
  -2.4288433e-01
  -2.3292512e-01
  -2.4057037e-01
  -2.3058058e-01
  -2.0413823e-01
  -1.9188545e-01
  -1.9194661e-01
  -1.6950017e-01
  -1.3683969e-01
  -1.0536166e-01
  -5.1723649e-02
  -3.7543250e-03
   5.0603364e-02
   1.0312925e-01
   1.4497423e-01
   1.8735946e-01
   2.1424014e-01
   2.4061114e-01
   2.5343476e-01
   2.6764472e-01
   2.8582001e-01
   2.9357739e-01
   3.0905138e-01
   3.1272110e-01
   3.0050908e-01
   2.9422979e-01
   2.8259882e-01
   2.6403616e-01
   2.4145721e-01
   2.1760405e-01
   1.9017291e-01
   1.6312913e-01
   1.4087638e-01
   1.1552474e-01
   8.8216950e-02
   6.7907102e-02
   5.7049834e-02
   4.1292477e-02
   3.2237447e-02
   2.1541241e-02
  -2.7873540e-03
  -1.2184481e-02
  -1.5328206e-02
  -2.1081507e-02
  -1.4430144e-02
  -1.0382242e-02
  -3.9522860e-03
   4.1000940e-03
   9.3244460e-03
   1.5660519e-02
   1.5512711e-02
   1.9622795e-02
   2.1838896e-02
   2.6727775e-02
   4.1201752e-02
   5.0071256e-02
   6.3962156e-02
   7.6062030e-02
   7.8312788e-02
   8.7214913e-02
   1.0249725e-01
   1.0656452e-01
   9.7343333e-02
   9.8740882e-02
   1.0182039e-01
   9.8905000e-02
   1.0224240e-01
   1.0125056e-01
   9.4609392e-02
   9.1992682e-02
   9.0641000e-02
   8.6223068e-02
   7.4706273e-02
   7.2124219e-02
   8.0361714e-02
   8.1223079e-02
   8.5627760e-02
   9.2486053e-02
   9.7522741e-02
   1.0456656e-01
   1.1297633e-01
   1.1902117e-01
   1.2252779e-01
   1.2638099e-01
   1.2662564e-01
   1.2704358e-01
   1.2637080e-01
   1.2488252e-01
   1.2359812e-01
   1.2138610e-01
   1.2246663e-01
   1.1850129e-01
   1.1196716e-01
   1.0407726e-01
   8.5989634e-02
   7.2630844e-02
   5.8402533e-02
   4.3456591e-02
   3.4178320e-02
   2.3627883e-02
   1.7522901e-02
   1.1990802e-02
   9.0347420e-03
   6.5184370e-03
   3.6368940e-03
   1.9356740e-03
  -7.6917300e-04
  -3.2756310e-03
  -6.4745030e-03
  -1.0583057e-02
  -1.4437280e-02
  -2.1359794e-02
  -3.1761405e-02
  -4.2668621e-02
  -6.0020267e-02
  -7.4197610e-02
  -8.9036518e-02
  -1.0268073e-01
  -1.0560631e-01
  -1.1603443e-01
  -1.2492330e-01
  -1.3389372e-01
  -1.5591202e-01
  -1.6723718e-01
  -1.7413829e-01
  -1.8468872e-01
  -1.8513724e-01
  -1.9005059e-01
  -1.9837881e-01
  -2.0000979e-01
  -2.0700264e-01
  -2.0744097e-01
  -1.8977536e-01
  -1.8664591e-01
  -1.9295578e-01
  -1.8797108e-01
  -1.8854193e-01
  -1.8763469e-01
  -1.8241554e-01
  -1.7849098e-01
  -1.7079476e-01
  -1.6260926e-01
  -1.5140643e-01
  -1.4066231e-01
  -1.2970412e-01
  -1.1880710e-01
  -1.0995901e-01
  -1.0163181e-01
  -9.6460562e-02
  -9.1211845e-02
  -9.0357618e-02
  -8.7328061e-02
  -7.8930526e-02
  -7.6543169e-02
  -7.5042664e-02
  -7.3101790e-02
  -7.4594143e-02
  -7.6163966e-02
  -7.9846935e-02
  -8.3602280e-02
  -8.9182290e-02
  -9.3543136e-02
  -9.2803076e-02
  -9.6283192e-02
  -1.0157064e-01
  -1.0435249e-01
  -1.0645239e-01
  -1.1059101e-01
  -1.1844013e-01
  -1.2207927e-01
  -1.2612615e-01
  -1.2772655e-01
  -1.2158997e-01
  -1.1718631e-01
  -1.1019346e-01
  -9.9734765e-02
  -8.4361706e-02
  -7.1608421e-02
  -5.9130361e-02
  -4.7058010e-02
  -4.2517754e-02
  -3.4762417e-02
  -2.9427057e-02
  -2.5576911e-02
  -1.9015252e-02
  -1.6424024e-02
  -1.7163065e-02
  -1.5809347e-02
  -1.4569798e-02
  -1.5251753e-02
  -1.4538197e-02
  -1.5732894e-02
  -2.1001997e-02
  -2.3303725e-02
  -2.3628903e-02
  -2.6048878e-02
  -3.0546320e-02
  -3.0081489e-02
  -2.4383234e-02
  -2.0919428e-02
  -1.0338409e-02
  -3.5415830e-03
  -3.3640100e-03
   2.6049900e-03
   7.0213930e-03
   9.7481970e-03
   1.4808329e-02
   1.5904148e-02
   1.4797116e-02
   1.1980608e-02
   3.0774660e-03
  -5.4723640e-03
  -1.8117191e-02
  -3.0682915e-02
  -4.3414796e-02
  -5.5678789e-02
  -6.5865312e-02
  -7.3604337e-02
  -7.5587006e-02
  -7.6259787e-02
  -6.8997824e-02
  -6.3120160e-02
  -5.4496324e-02
  -4.6067185e-02
  -4.4476974e-02
  -3.7392381e-02
  -3.4042745e-02
  -2.7563655e-02
  -1.4225252e-02
  -4.7477990e-03
   1.0792027e-02
   2.2838894e-02
   2.8738984e-02
   3.8395437e-02
   4.4700217e-02
   4.9827628e-02
   5.2974411e-02
   5.6179295e-02
   6.0119146e-02
   6.2629844e-02
   6.6639010e-02
   6.8560516e-02
   7.2045728e-02
   7.1594149e-02
   6.2852067e-02
   5.8259822e-02
   5.3219059e-02
   4.3333247e-02
   3.6672709e-02
   2.3493327e-02
  -1.8520860e-03
  -1.9905159e-02
  -3.6550385e-02
  -5.9326078e-02
  -7.6582926e-02
  -1.0010479e-01
  -1.3263990e-01
  -1.5914341e-01
  -1.9085589e-01
  -2.1848071e-01
  -2.3827679e-01
  -2.5945921e-01
  -2.7009120e-01
  -2.8239495e-01
  -2.9345508e-01
  -3.0005038e-01
  -3.0972416e-01
  -3.1323078e-01
  -3.1254780e-01
  -3.1070274e-01
  -3.0546320e-01
  -2.9570786e-01
  -2.7766508e-01
  -2.6174260e-01
  -2.4121256e-01
  -2.2258875e-01
  -2.1130437e-01
  -1.9629930e-01
  -1.8615661e-01
  -1.7700270e-01
  -1.7082535e-01
  -1.6363882e-01
  -1.5818521e-01
  -1.4919440e-01
  -1.3132492e-01
  -1.1713534e-01
  -9.5431003e-02
  -7.7553362e-02
  -6.1610478e-02
  -4.6854137e-02
  -4.6351590e-02
  -3.9545283e-02
  -3.0800141e-02
  -3.0317981e-02
  -3.4621746e-02
  -3.5491265e-02
  -3.4309820e-02
  -3.7323066e-02
  -3.8312871e-02
  -4.0783812e-02
  -4.7764431e-02
  -5.0935679e-02
  -5.1963198e-02
  -5.5120175e-02
  -5.5655343e-02
  -5.6899987e-02
  -6.0299574e-02
  -6.0745037e-02
  -5.9814356e-02
  -5.9266957e-02
  -5.7498355e-02
  -5.4289393e-02
  -5.0512641e-02
  -4.4627841e-02
  -3.3993817e-02
  -2.5656422e-02
  -1.7161026e-02
  -7.0337270e-03
  -2.7515740e-03
   8.6588000e-03
   2.5381193e-02
   3.9790949e-02
   6.6856135e-02
   8.4274041e-02
   9.2438142e-02
   1.0616696e-01
   1.0837899e-01
   1.1311904e-01
   1.2097835e-01
   1.2134532e-01
   1.2071332e-01
   1.1890904e-01
   1.1311904e-01
   1.0745136e-01
   1.0006198e-01
   9.2453434e-02
   8.5081381e-02
   7.8258762e-02
   7.4265908e-02
   6.9923406e-02
   6.8717497e-02
   6.7128306e-02
   6.5464702e-02
   6.5367861e-02
   6.4696099e-02
   6.5308739e-02
   6.6317911e-02
   6.8048793e-02
   7.2138491e-02
   7.5280176e-02
   7.7948877e-02
   8.1618594e-02
   8.6874445e-02
   8.9329076e-02
   8.7707267e-02
   8.8826529e-02
   8.5992692e-02
   8.6371897e-02
   9.2944767e-02
   9.5735792e-02
   1.0355739e-01
   1.0850131e-01
   1.1098857e-01
   1.1272149e-01
   1.0720672e-01
   1.0302732e-01
   9.2041610e-02
   8.4115021e-02
   8.0990663e-02
   7.3660404e-02
   7.2649191e-02
   6.7842882e-02
   5.9344428e-02
   5.3640057e-02
   4.4223153e-02
   3.5992792e-02
   2.8044795e-02
   1.9718615e-02
   1.4090696e-02
   6.8813320e-03
   7.0273100e-04
  -6.0520780e-03
  -1.5150836e-02
  -2.2866417e-02
  -3.2041730e-02
  -3.9864345e-02
  -4.6722640e-02
  -5.4317934e-02
  -5.3353614e-02
  -6.0116088e-02
  -8.4614510e-02
  -9.1622650e-02
  -8.5877504e-02
  -9.2975348e-02
  -9.6408574e-02
  -9.7270957e-02
  -1.0331274e-01
  -1.0470927e-01
  -1.0597328e-01
  -1.0498450e-01
  -1.0195698e-01
  -9.4757201e-02
  -7.4898932e-02
  -6.1864300e-02
  -4.5228247e-02
  -3.0293518e-02
  -3.0964260e-02
  -2.0926564e-02
  -1.1816490e-02
  -5.1316920e-03
   9.6479930e-03
   1.9007098e-02
   2.9532052e-02
   3.8912256e-02
   4.1706339e-02
   4.7552402e-02
   5.0254741e-02
   5.2883686e-02
   6.0491213e-02
   6.1316900e-02
   6.1802120e-02
   5.8955029e-02
   4.3350576e-02
   3.4578931e-02
   2.1619732e-02
   1.1324136e-02
   1.1931678e-02
   8.9793910e-03
   1.4942886e-02
   1.9477025e-02
   2.8854172e-02
   3.5123273e-02
   2.5706371e-02
   2.9004019e-02
   3.8652319e-02
   3.8533053e-02
   3.8111035e-02
   4.0318981e-02
   3.7048854e-02
   3.8588097e-02
   4.8913256e-02
   5.1990721e-02
   5.6088573e-02
   6.0615578e-02
   5.7330161e-02
   5.9093664e-02
   6.1527909e-02
   6.2358693e-02
   6.6860213e-02
   6.9318923e-02
   7.4272023e-02
   7.6484048e-02
   7.3085481e-02
   7.2127277e-02
   7.0368869e-02
   6.4726680e-02
   5.5063091e-02
   4.6716521e-02
   3.4605436e-02
   2.5190571e-02
   1.9904140e-02
   1.3751247e-02
   1.4221174e-02
   1.3681930e-02
   1.4444416e-02
   1.7326163e-02
   2.1599345e-02
   2.5144700e-02
   2.5873547e-02
   2.8617680e-02
   3.1882709e-02
   3.2501465e-02
   3.0414822e-02
   2.9445404e-02
   2.5925534e-02
   2.3731859e-02
   2.2506581e-02
   2.1919426e-02
   2.6563657e-02
   2.8520839e-02
   3.3767516e-02
   3.6236422e-02
   3.2917364e-02
   3.1290457e-02
   2.6036644e-02
   1.8886812e-02
   4.1501450e-03
  -4.8965240e-03
  -8.9576780e-03
  -1.6259906e-02
  -1.4279278e-02
  -1.6446450e-02
  -2.1246645e-02
  -2.1868458e-02
  -2.5512691e-02
  -2.7339395e-02
  -2.7345511e-02
  -2.8397498e-02
  -2.7989751e-02
  -2.8401573e-02
  -2.7215033e-02
  -2.8538169e-02
  -3.7693095e-02
  -4.0161998e-02
  -4.1524891e-02
  -4.3832736e-02
  -3.7252730e-02
  -3.5694118e-02
  -3.6555483e-02
  -3.3458648e-02
  -3.2350597e-02
  -3.0741019e-02
  -2.8280269e-02
  -2.6669671e-02
  -2.5875585e-02
  -2.3495366e-02
  -2.1148785e-02
  -1.8161024e-02
  -8.3243460e-03
  -5.0545260e-03
  -8.1544180e-03
  -6.8144610e-03
  -9.9398370e-03
  -1.2750229e-02
  -1.4630960e-02
  -1.7924531e-02
  -1.8078455e-02
  -2.0759388e-02
  -2.5205862e-02
  -2.8156925e-02
  -3.0896982e-02
  -3.5908185e-02
  -4.1341405e-02
  -4.8280229e-02
  -6.1840854e-02
  -7.0926463e-02
  -7.8033484e-02
  -8.7001864e-02
  -9.2224075e-02
  -9.7443229e-02
  -1.0086524e-01
  -1.0317003e-01
  -1.0353700e-01
  -1.0399572e-01
  -1.0484179e-01
  -1.0452579e-01
  -1.0487237e-01
  -1.0475005e-01
  -1.0486218e-01
  -1.0463792e-01
  -1.0420978e-01
  -1.0349623e-01
  -1.0235454e-01
  -1.0068074e-01
  -9.8101742e-02
  -9.5269942e-02
  -9.1056903e-02
  -8.7576787e-02
  -8.3982503e-02
  -8.0180268e-02
  -8.0415742e-02
  -7.7123190e-02
  -6.7109956e-02
  -6.3863277e-02
  -6.5941763e-02
  -6.2565624e-02
  -5.9017211e-02
  -5.7318948e-02
  -5.7406612e-02
  -5.3293472e-02
  -4.4588087e-02
  -3.7392381e-02
  -2.4095772e-02
  -1.2886824e-02
  -4.5836810e-03
   7.2330130e-03
   1.9067240e-02
   2.8408709e-02
   3.7595236e-02
   4.3798077e-02
   4.3330189e-02
   4.4731816e-02
   4.1811334e-02
   3.9330196e-02
   3.9553437e-02
   3.7821535e-02
   3.5243559e-02
   3.7481066e-02
   4.6900007e-02
   5.3719566e-02
   6.6902008e-02
   7.7857134e-02
   8.4647129e-02
   9.4667496e-02
   1.0015169e-01
   1.0660529e-01
   1.1446460e-01
   1.1818529e-01
   1.2135552e-01
   1.2218120e-01
   1.1574900e-01
   1.1243607e-01
   1.0901100e-01
   1.0309867e-01
   9.9325998e-02
   9.4215917e-02
   8.8196562e-02
   8.4003910e-02
   8.1504424e-02
   7.8317886e-02
   7.7309734e-02
   7.5611468e-02
   7.2118103e-02
   7.0738899e-02
   7.0236352e-02
   6.8867344e-02
   6.7280191e-02
   6.5969287e-02
   6.8476927e-02
   6.4639015e-02
   5.6301619e-02
   4.6994808e-02
   2.4924517e-02
   9.2233250e-03
  -1.0039837e-02
  -2.6196685e-02
  -2.4747147e-02
  -3.3895956e-02
  -4.1433148e-02
  -4.4385231e-02
  -5.1167073e-02
  -5.4935669e-02
  -5.9827608e-02
  -6.2752168e-02
  -6.3997832e-02
  -6.4572755e-02
  -5.8841881e-02
  -5.7001924e-02
  -5.7958090e-02
  -5.5640052e-02
  -5.6876542e-02
  -5.6194587e-02
  -5.2985622e-02
  -5.2569722e-02
  -4.9501431e-02
  -4.9368913e-02
  -5.6057992e-02
  -5.8453502e-02
  -5.9529952e-02
  -6.4990695e-02
  -7.1970294e-02
  -7.7287306e-02
  -8.7724596e-02
  -9.1620612e-02
  -8.7248552e-02
  -8.4861195e-02
  -7.4285275e-02
  -6.3719546e-02
  -4.7360762e-02
  -3.3412778e-02
  -2.9031542e-02
  -1.6327184e-02
  -1.4596300e-03
   7.8498310e-03
   1.6675808e-02
   2.4566719e-02
   2.8864366e-02
   3.2996876e-02
   3.3527966e-02
   3.2726743e-02
   3.8581981e-02
   3.4035609e-02
   6.4181320e-03
  -6.9148700e-04
   7.2860200e-03
   4.8325100e-04
   4.8992800e-04
   3.6977500e-03
   6.1379080e-03
   1.0663587e-02
   1.7620760e-02
   2.2940831e-02
   2.2589150e-02
   2.6838885e-02
   3.7546306e-02
   3.8743042e-02
   2.9750197e-02
   3.0949988e-02
   2.2057040e-02
   2.5143681e-02
   5.9629850e-02
   7.1138492e-02
   8.7643047e-02
   1.0637084e-01
   9.0944772e-02
   1.0116697e-01
   1.3902113e-01
   1.4454609e-01
   1.3483154e-01
   1.4344518e-01
   1.4504558e-01
   1.4674792e-01
   1.5881722e-01
   1.6506593e-01
   1.7774684e-01
   1.8658474e-01
   1.9029524e-01
   1.9549400e-01
   1.9406689e-01
   1.9067240e-01
   1.8663571e-01
   1.7588140e-01
   1.4776729e-01
   1.3199770e-01
   1.2644215e-01
   1.1039733e-01
   9.9494195e-02
   9.1075250e-02
   8.5299523e-02
   7.9101778e-02
   7.6339296e-02
   6.9361737e-02
   5.4158913e-02
   4.6489203e-02
   2.3833795e-02
   1.5344516e-02
   5.0294496e-02
   4.6940782e-02
   1.1744115e-02
   1.2153900e-02
   1.2587131e-02
   3.9396460e-03
   7.0625750e-03
   7.0723610e-03
   6.7091610e-03
   1.0039429e-02
   1.6895991e-02
   1.9884772e-02
   2.0904138e-02
   2.1591190e-02
   1.2490291e-02
   9.0797980e-03
   4.8298580e-03
   1.2349620e-03
   5.9759310e-03
   7.7278130e-03
   1.5278257e-02
   2.1186502e-02
   2.6062130e-02
   3.1477000e-02
   2.8592195e-02
   3.1523891e-02
   3.6000948e-02
   3.7526939e-02
   4.6065147e-02
   4.9226202e-02
   4.7209895e-02
   4.4619685e-02
   5.0805199e-02
   3.7437233e-02
  -2.3584051e-02
  -4.7066164e-02
  -4.9872478e-02
  -7.7789854e-02
  -8.8810220e-02
  -1.0021489e-01
  -1.1878672e-01
  -1.2501504e-01
  -1.2509659e-01
  -1.2521891e-01
  -1.1928620e-01
  -1.0995901e-01
  -9.2959039e-02
  -7.8487100e-02
  -6.2794980e-02
  -4.9553417e-02
  -4.3310822e-02
  -3.7707367e-02
  -5.0954026e-02
  -5.2965235e-02
  -4.6803169e-02
  -5.0363814e-02
  -4.3427027e-02
  -4.2633962e-02
  -4.6646186e-02
  -4.8059027e-02
  -5.9810278e-02
  -6.4906088e-02
  -6.9858169e-02
  -7.2491191e-02
  -6.1160937e-02
  -5.6330163e-02
  -4.3689005e-02
  -3.3963236e-02
  -3.6865368e-02
  -2.9592194e-02
  -2.1459692e-02
  -1.9183448e-02
  -1.3541257e-02
  -1.1961240e-02
  -2.5131448e-02
  -2.5157952e-02
  -1.5123313e-02
  -1.3716588e-02
  -2.3127370e-03
   4.3122240e-03
   7.6072220e-03
   1.1412821e-02
   4.0614600e-04
  -2.2087620e-03
   3.9000900e-04
  -5.4458610e-03
  -1.0674800e-02
  -1.4736974e-02
  -2.0402610e-02
  -2.4570797e-02
  -2.8180370e-02
  -3.1119205e-02
  -2.6446431e-02
  -2.8325122e-02
  -3.6837848e-02
  -3.9613581e-02
  -4.6062090e-02
  -5.1835779e-02
  -5.5241479e-02
  -5.9009057e-02
  -6.1189480e-02
  -6.1676738e-02
  -5.4314876e-02
  -5.2349537e-02
  -5.5335262e-02
  -5.3028437e-02
  -5.2938732e-02
  -5.3108966e-02
  -5.2674717e-02
  -5.2399488e-02
  -5.1421917e-02
  -5.0237412e-02
  -4.7457601e-02
  -4.5355669e-02
  -4.2714491e-02
  -4.0647216e-02
  -3.9441306e-02
  -3.8603389e-02
  -4.1124280e-02
  -4.1950987e-02
  -4.1703281e-02
  -4.3391351e-02
  -4.5350571e-02
  -4.6523862e-02
  -4.7352606e-02
  -4.8275134e-02
  -4.8139556e-02
  -4.8374013e-02
  -4.8698169e-02
  -4.8437212e-02
  -4.9069219e-02
  -4.8124267e-02
  -4.6273099e-02
  -4.3689005e-02
  -3.8043758e-02
  -3.3130414e-02
  -2.6645206e-02
  -2.0654393e-02
  -1.5506595e-02
  -1.0144118e-02
  -9.7098690e-03
  -5.5709370e-03
   3.1460690e-03
   6.4064090e-03
   1.0695188e-02
   1.3210983e-02
   8.5201660e-03
   7.2408620e-03
   3.6886780e-03
   1.6242600e-04
  -7.3262900e-04
  -2.7127370e-03
  -4.1587100e-04
   2.1918400e-04
  -1.2143710e-03
   8.2682800e-04
   6.0402530e-03
   7.9738880e-03
   8.6558440e-03
   1.0108644e-02
   9.3776570e-03
   7.9413700e-03
   4.2010110e-03
   4.3877600e-04
  -4.8876560e-03
  -9.7943740e-03
  -1.4220155e-02
  -1.8220147e-02
  -2.0093742e-02
  -2.1191599e-02
  -2.0564689e-02
  -1.7807304e-02
  -1.0112620e-02
  -4.1853130e-03
   3.1882710e-03
   1.1034636e-02
   1.3215060e-02
   2.0486198e-02
   3.2310843e-02
   3.8899005e-02
   4.5214996e-02
   5.1800100e-02
   5.4064112e-02
   5.7593156e-02
   6.1095700e-02
   6.2057979e-02
   6.1983566e-02
   6.1477961e-02
   5.8186429e-02
   5.6611507e-02
   5.6118133e-02
   5.5219054e-02
   5.8207834e-02
   5.9296517e-02
   6.0727708e-02
   6.2528928e-02
   6.2567662e-02
   6.3124235e-02
   6.2306705e-02
   6.1552374e-02
   6.0241470e-02
   5.8925468e-02
   5.7930567e-02
   5.6957074e-02
   5.7405592e-02
   5.6369917e-02
   5.7516705e-02
   5.5566658e-02
   4.5318973e-02
   4.0991763e-02
   3.9924486e-02
   3.3286376e-02
   2.6808304e-02
   2.0559592e-02
   1.1897020e-02
   3.8083510e-03
  -3.9853130e-03
  -1.3174286e-02
  -2.3446436e-02
  -3.2704318e-02
  -4.2958119e-02
  -5.1232313e-02
  -5.6906103e-02
  -6.2037592e-02
  -6.2694064e-02
  -6.3884684e-02
  -6.2809252e-02
  -6.1482039e-02
  -6.2447378e-02
  -6.1040653e-02
  -5.8780719e-02
  -5.8089588e-02
  -5.9583978e-02
  -5.9354622e-02
  -5.7404575e-02
  -5.8356663e-02
  -6.1683872e-02
  -6.2999874e-02
  -6.6681825e-02
  -6.7753177e-02
  -6.6496299e-02
  -6.3759303e-02
  -5.4729758e-02
  -4.5853118e-02
  -3.2706355e-02
  -1.8971420e-02
  -2.4832770e-03
   1.1724747e-02
   2.1707398e-02
   3.2904113e-02
   3.5634996e-02
   4.1835799e-02
   5.2448416e-02
   5.5675731e-02
   5.6952996e-02
   5.8569710e-02
   5.7296523e-02
   5.4506518e-02
   4.8745060e-02
   4.3180342e-02
   3.5690040e-02
   2.9208913e-02
   2.6007083e-02
   2.1134514e-02
   1.8562654e-02
   1.6490283e-02
   1.4444416e-02
   1.4183458e-02
   1.5752262e-02
   1.6950017e-02
   1.8894967e-02
   2.0922486e-02
   2.3708413e-02
   2.4364885e-02
   2.2340424e-02
   2.0303731e-02
   1.2415877e-02
   6.8541150e-03
   5.0288380e-03
  -2.7365900e-03
  -1.3048904e-02
  -2.1258877e-02
  -3.3560585e-02
  -4.2969333e-02
  -4.6734871e-02
  -5.3996835e-02
  -6.1239428e-02
  -6.4432084e-02
  -6.5373976e-02
  -6.5824538e-02
  -6.1148706e-02
  -5.8660433e-02
  -5.7372974e-02
  -5.4561561e-02
  -5.5456566e-02
  -5.4660440e-02
  -5.4099789e-02
  -5.4376038e-02
  -5.3941788e-02
  -5.4211919e-02
  -5.3868392e-02
  -5.4242500e-02
  -5.6730773e-02
  -5.7533014e-02
  -5.6470836e-02
  -5.7607428e-02
  -5.9580920e-02
  -6.0703243e-02
  -6.2124239e-02
  -6.3786826e-02
  -6.7837784e-02
  -6.8613522e-02
  -6.5925454e-02
  -6.4559504e-02
  -5.9079393e-02
  -5.4693061e-02
  -5.0922427e-02
  -4.5889818e-02
  -4.3126316e-02
  -3.8868424e-02
  -3.4818483e-02
  -3.0789947e-02
  -2.5119216e-02
  -2.0245627e-02
  -1.6096808e-02
  -1.0871538e-02
  -2.4387310e-03
   2.0056030e-03
   2.0421980e-03
   4.8421920e-03
   5.2420890e-03
   5.2656370e-03
   6.1737900e-03
   5.8473890e-03
   6.1230250e-03
   5.9564610e-03
   5.7204780e-03
   5.4395400e-03
   4.7462700e-03
   4.2843950e-03
   3.6567710e-03
   3.2434190e-03
   3.1783830e-03
   3.1806260e-03
   4.0653330e-03
   4.4327130e-03
   5.1381140e-03
   5.2489190e-03
   4.2824580e-03
   3.2232350e-03
   7.7914200e-04
  -1.8808320e-03
  -5.4309780e-03
  -9.2041610e-03
  -1.3831777e-02
  -1.7713522e-02
  -2.0660509e-02
  -2.3620748e-02
  -2.4067230e-02
  -2.5537156e-02
  -2.7178334e-02
  -2.7721658e-02
  -2.9208913e-02
  -2.9555497e-02
  -2.8911256e-02
  -2.8540209e-02
  -2.7228285e-02
  -2.5898011e-02
  -2.4366924e-02
  -2.2771616e-02
  -2.1595268e-02
  -1.9786913e-02
  -1.9924527e-02
  -1.7380190e-02
  -1.0435249e-02
  -6.6120150e-03
  -9.6568600e-04
   3.8672710e-03
   4.6234360e-03
   7.4482010e-03
   9.4813260e-03
   1.0066035e-02
   8.5808190e-03
   8.8512570e-03
   9.8155770e-03
   1.1242587e-02
   1.5870509e-02
   2.0189562e-02
   2.8907181e-02
   3.4914304e-02
   3.9277190e-02
   4.4137526e-02
   4.2973411e-02
   4.4404601e-02
   4.5635994e-02
   4.4969330e-02
   4.6042722e-02
   4.5288392e-02
   4.3832736e-02
   4.2421933e-02
   3.9487179e-02
   3.6889834e-02
   3.4704315e-02
   3.1309827e-02
   2.7583023e-02
   2.3831757e-02
   1.8452562e-02
   1.4711489e-02
   1.1458693e-02
   9.2193490e-03
   1.0351661e-02
   1.1186522e-02
   1.4649308e-02
   1.8330239e-02
   2.2349599e-02
   2.7149793e-02
   3.1503503e-02
   3.5999927e-02
   3.9675761e-02
   4.3177284e-02
   4.5771569e-02
   4.7935683e-02
   4.9289402e-02
   5.0042712e-02
   5.0292458e-02
   4.9616619e-02
   4.7908162e-02
   4.5901029e-02
   4.2714491e-02
   3.9714498e-02
   3.6706348e-02
   3.3656406e-02
   3.1247644e-02
   2.9161002e-02
   2.8012176e-02
   2.7483126e-02
   2.8159983e-02
   2.9447445e-02
   3.2229294e-02
   3.4943865e-02
   3.8812360e-02
   4.1875553e-02
   4.3254755e-02
   4.5235383e-02
   4.5519788e-02
   4.5579930e-02
   4.5069227e-02
   4.3701239e-02
   4.1916328e-02
   3.9299615e-02
   3.6404616e-02
   3.2368947e-02
   2.6630937e-02
   2.1135534e-02
   1.4534120e-02
   7.9929500e-03
   1.8911280e-03
  -4.4485130e-03
  -1.0162365e-02
  -1.5328206e-02
  -1.9801184e-02
  -2.3188537e-02
  -2.5014221e-02
  -2.5936748e-02
  -2.5136545e-02
  -2.3174266e-02
  -1.9448483e-02
  -1.4811387e-02
  -8.5179240e-03
  -1.8859290e-03
   5.4760340e-03
   1.2748191e-02
   1.9456638e-02
   2.6080479e-02
   2.9864365e-02
   3.5306759e-02
   4.1733862e-02
   4.6084515e-02
   5.1630886e-02
   5.5563600e-02
   5.4557486e-02
   5.7594176e-02
   6.2069193e-02
   6.5287331e-02
   7.2848989e-02
   7.8209834e-02
   8.4169047e-02
   8.9318883e-02
   9.1458533e-02
   9.3806133e-02
   9.1644057e-02
   9.0952926e-02
   9.0373928e-02
   8.8611445e-02
   8.8398395e-02
   8.7876481e-02
   8.8393300e-02
   8.9329076e-02
   9.1778612e-02
   9.3797977e-02
   9.6189409e-02
   9.8432014e-02
   9.9318863e-02
   1.0074700e-01
   1.0127707e-01
   1.0140143e-01
   1.0267054e-01
   1.0097737e-01
   9.7807143e-02
   9.2948845e-02
   8.2443260e-02
   7.3273045e-02
   6.0961142e-02
   4.9595211e-02
   3.9696148e-02
   3.0377105e-02
   2.7154889e-02
   2.2066215e-02
   2.0595270e-02
   1.8470911e-02
   1.4996912e-02
   1.1950027e-02
   4.9969320e-03
  -4.1514700e-04
  -1.0443404e-02
  -1.6608529e-02
  -1.6780802e-02
  -2.0414842e-02
  -2.0666625e-02
  -1.9924527e-02
  -1.9123305e-02
  -1.6574890e-02
  -1.3157976e-02
  -9.5164950e-03
  -5.9548300e-03
  -1.4728820e-03
   2.8451520e-03
   7.7708300e-03
   1.4017301e-02
   1.9152867e-02
   2.4649288e-02
   2.9164060e-02
   3.0729806e-02
   3.3666600e-02
   3.4763437e-02
   3.6578928e-02
   4.0517759e-02
   4.2979526e-02
   4.7031507e-02
   5.0317941e-02
   5.3502441e-02
   5.6034546e-02
   5.5994792e-02
   5.6801109e-02
   5.6451466e-02
   5.5471857e-02
   5.5132406e-02
   5.3284296e-02
   5.0135475e-02
   4.7371974e-02
   4.4916322e-02
   4.0888806e-02
   3.5500438e-02
   3.0764464e-02
   2.4599339e-02
   1.9461735e-02
   1.6265003e-02
   1.2189578e-02
   9.2728660e-03
   7.0816370e-03
   5.5607430e-03
   4.6946900e-03
   5.0893880e-03
   5.1770540e-03
   5.5334240e-03
   5.7954010e-03
   4.6143640e-03
   4.2572800e-03
   3.1010130e-03
   2.1476000e-03
   2.1675800e-03
   1.1636060e-03
   4.9706300e-04
  -7.3569700e-04
  -3.3816450e-03
  -5.4138530e-03
  -8.3464660e-03
  -1.1078469e-02
  -1.2493349e-02
  -1.5288451e-02
  -1.8559596e-02
  -2.1261935e-02
  -2.4894955e-02
  -2.7864367e-02
  -2.9487199e-02
  -3.2175267e-02
  -3.4884741e-02
  -3.7135502e-02
  -3.9905119e-02
  -4.2150782e-02
  -4.4174222e-02
  -4.5984618e-02
  -4.7106938e-02
  -4.8112035e-02
  -4.8530993e-02
  -4.8753216e-02
  -4.8716519e-02
  -4.8362799e-02
  -4.7836806e-02
  -4.7309794e-02
  -4.6771568e-02
  -4.5726719e-02
  -4.6709386e-02
  -4.4986657e-02
  -3.7383207e-02
  -3.4498402e-02
  -3.3909207e-02
  -3.0562629e-02
  -2.7222169e-02
  -2.6429101e-02
  -2.9650298e-02
  -3.0279247e-02
  -3.1837857e-02
  -3.3581992e-02
  -3.1540203e-02
  -3.2220120e-02
  -3.3021341e-02
  -3.3356712e-02
  -3.4988717e-02
  -3.6679845e-02
  -4.0503487e-02
  -4.2958119e-02
  -4.5177279e-02
  -4.7285329e-02
  -4.6832730e-02
  -4.6988692e-02
  -4.6729773e-02
  -4.5223152e-02
  -4.1009092e-02
  -3.8865366e-02
  -4.0213987e-02
  -3.7509609e-02
  -3.5394424e-02
  -3.2100854e-02
  -2.2936753e-02
  -1.7397519e-02
  -1.0147074e-02
  -4.0395440e-03
  -4.6569730e-03
  -1.3189580e-03
   1.4273160e-03
   2.2349600e-03
   3.9876580e-03
   4.8664530e-03
   5.7970320e-03
   6.4769490e-03
   6.7782740e-03
   7.2249600e-03
   7.4955000e-03
   7.8538070e-03
   8.6598200e-03
   9.1197570e-03
   9.7723560e-03
   1.0541263e-02
   1.0144322e-02
   1.1227297e-02
   1.4998951e-02
   1.6163067e-02
   1.8100881e-02
   1.8583041e-02
   1.4161032e-02
   1.1876633e-02
   7.9052850e-03
   3.2373020e-03
  -8.6180300e-04
  -5.3743010e-03
  -8.4966190e-03
  -1.2534124e-02
  -1.4304762e-02
  -1.8502511e-02
  -2.7544288e-02
  -3.2464768e-02
  -3.9085548e-02
  -4.4085540e-02
  -4.2356693e-02
  -4.4269026e-02
  -4.5029472e-02
  -4.4269026e-02
  -4.4935689e-02
  -4.4367902e-02
  -4.4013164e-02
  -4.3646192e-02
  -4.3262911e-02
  -4.2902055e-02
  -4.2559549e-02
  -4.2264950e-02
  -4.2022343e-02
  -4.1861282e-02
  -4.1702261e-02
  -4.1713475e-02
  -4.2220100e-02
  -4.2293493e-02
  -4.2608477e-02
  -4.2341404e-02
  -4.1169133e-02
  -3.9860267e-02
  -3.7449467e-02
  -3.4760379e-02
  -3.1117165e-02
  -2.7441331e-02
  -2.3401584e-02
  -1.9424018e-02
  -1.5950019e-02
  -1.2612615e-02
  -1.0102324e-02
  -7.5365800e-03
  -7.4432060e-03
  -5.3949940e-03
   1.0416900e-03
   2.8337350e-03
   3.7768530e-03
   4.5976460e-03
   1.3086620e-03
  -1.5724740e-03
  -7.9157840e-03
  -1.3125356e-02
  -1.7930647e-02
  -2.2808313e-02
  -2.3247660e-02
  -2.5886798e-02
  -2.7365898e-02
  -2.8342451e-02
  -3.1255798e-02
  -3.2341424e-02
  -3.3094735e-02
  -3.4309820e-02
  -3.4580971e-02
  -3.5406658e-02
  -3.7028470e-02
  -3.7935703e-02
  -3.9285344e-02
  -4.0150787e-02
  -4.0880653e-02
  -4.0932639e-02
  -3.8717557e-02
  -3.7652320e-02
  -3.6196665e-02
  -3.4591165e-02
  -3.4090655e-02
  -3.3131431e-02
  -3.3660484e-02
  -3.3120220e-02
  -3.1716553e-02
  -3.0996881e-02
  -2.7886795e-02
  -2.6763452e-02
  -2.8061107e-02
  -2.7497398e-02
  -2.8350605e-02
  -2.8877617e-02
  -2.7875581e-02
  -2.8212992e-02
  -2.8004020e-02
  -2.8139596e-02
  -2.9445404e-02
  -3.0195657e-02
  -3.1466807e-02
  -3.2795040e-02
  -3.4031531e-02
  -3.5305738e-02
  -3.6315931e-02
  -3.7135502e-02
  -3.7707367e-02
  -3.7746101e-02
  -3.6820518e-02
  -3.5978523e-02
  -3.3940808e-02
  -3.2588109e-02
  -3.1981588e-02
  -3.0818491e-02
  -3.1600345e-02
  -3.0979551e-02
  -2.8445408e-02
  -2.8125327e-02
  -2.6670691e-02
  -2.6729813e-02
  -3.1408703e-02
  -3.3105948e-02
  -3.4858238e-02
  -3.7820515e-02
  -3.7992789e-02
  -4.0335291e-02
  -4.4302664e-02
  -4.6670651e-02
  -5.0339349e-02
  -5.2810292e-02
  -5.4411717e-02
  -5.5175221e-02
  -5.1666562e-02
  -5.0266973e-02
  -4.7884717e-02
  -4.5524883e-02
  -4.6995828e-02
  -4.5823557e-02
  -4.4932631e-02
  -4.4567700e-02
  -4.2897977e-02
  -4.1629885e-02
  -3.9812356e-02
  -3.7703289e-02
  -3.5252732e-02
  -3.2591167e-02
  -2.9527974e-02
  -2.6563657e-02
  -2.3643174e-02
  -2.0764484e-02
  -1.8458679e-02
  -1.6019336e-02
  -1.3977546e-02
  -1.1974492e-02
  -1.0163894e-02
  -8.3031430e-03
  -6.2128320e-03
  -4.3031510e-03
  -1.7416890e-03
   6.1924400e-05
   1.5612610e-03
   2.6535120e-03
   2.2973450e-03
   2.2042770e-03
   5.6710400e-04
  -3.0083500e-04
   3.9322000e-04
  -5.7466800e-04
  -4.9339300e-04
  -1.3407720e-03
  -4.9610500e-03
  -6.6274080e-03
  -7.4350510e-03
  -1.0093558e-02
  -1.2092738e-02
  -1.4892937e-02
  -2.0993842e-02
  -2.4406679e-02
  -2.6120234e-02
  -2.9583020e-02
  -3.0559571e-02
  -3.3065174e-02
  -3.7981575e-02
  -4.0805219e-02
  -4.4972388e-02
  -4.8092666e-02
  -4.9362795e-02
  -5.0874517e-02
  -5.0256779e-02
  -4.9460656e-02
  -4.7810301e-02
  -4.5349554e-02
  -4.2355675e-02
  -3.9057005e-02
  -3.5457626e-02
  -3.2010129e-02
  -2.8895967e-02
  -2.6066208e-02
  -2.4677830e-02
  -2.2875591e-02
  -2.1941852e-02
  -2.0942874e-02
  -1.9311888e-02
  -1.8329219e-02
  -1.7229323e-02
  -1.5915361e-02
  -1.4619746e-02
  -1.2956141e-02
  -1.1229335e-02
  -8.7211860e-03
  -5.2853100e-03
  -1.5497420e-03
   4.2315920e-03
   8.9211850e-03
   1.3901094e-02
   1.8234418e-02
   1.9716576e-02
   2.2301688e-02
   2.2877630e-02
   2.3876609e-02
   2.5971407e-02
   2.7143678e-02
   2.8420943e-02
   3.0773638e-02
   3.5661499e-02
   3.8713481e-02
   4.2435184e-02
   4.5480031e-02
   4.4681868e-02
   4.6106942e-02
   4.7165043e-02
   4.7365858e-02
   4.8680840e-02
   4.9164020e-02
   5.0349542e-02
   5.0890826e-02
   5.0162999e-02
   4.9710400e-02
   5.0290418e-02
   4.8574825e-02
   4.1288399e-02
   3.8681880e-02
   4.0151805e-02
   3.7099823e-02
   3.5095750e-02
   3.3364868e-02
   2.9293520e-02
   2.6618703e-02
   2.3508618e-02
   2.0585076e-02
   1.8660513e-02
   1.6786919e-02
   1.6192628e-02
   1.5559602e-02
   1.6678866e-02
   1.6387327e-02
   1.4828717e-02
   1.3761440e-02
   8.8870360e-03
   6.5360720e-03
   6.0748100e-03
   3.7381170e-03
   3.9431110e-03
   2.8109010e-03
  -9.9726600e-05
  -1.3154920e-03
  -3.4622760e-03
  -5.0368910e-03
  -5.7319970e-03
  -6.3125260e-03
  -5.4745050e-03
  -4.5825600e-03
  -2.4877630e-03
  -5.7306700e-04
   1.5602420e-03
   3.5095750e-03
   4.2402570e-03
   5.3116100e-03
   5.1897960e-03
   5.2401530e-03
   4.9867380e-03
   4.7533030e-03
   4.9507550e-03
   5.1810290e-03
   6.4268990e-03
   7.4142560e-03
   8.9718480e-03
   1.0419959e-02
   1.1711495e-02
   1.2981625e-02
   1.3336365e-02
   1.4104967e-02
   1.4416893e-02
   1.4894975e-02
   1.5914341e-02
   1.6625859e-02
   1.7794052e-02
   1.8833805e-02
   2.0262956e-02
   2.1042771e-02
   2.1437266e-02
   2.1214025e-02
   1.9419941e-02
   1.7411790e-02
   1.4015262e-02
   1.0132192e-02
   5.3866350e-03
   2.8782800e-04
  -5.2544240e-03
  -1.0721691e-02
  -1.5954097e-02
  -2.0789969e-02
  -2.4678850e-02
  -2.7835826e-02
  -2.9678838e-02
  -3.0543262e-02
  -2.8575886e-02
  -2.7314930e-02
  -2.5469878e-02
  -2.3050922e-02
  -2.2418915e-02
  -1.9961224e-02
  -1.7864388e-02
  -1.5086616e-02
  -9.1742940e-03
  -5.5996830e-03
  -2.1966320e-03
   1.4108020e-03
   1.1286420e-03
   3.4793000e-03
   6.8559500e-03
   9.0346400e-03
   1.3113124e-02
   1.6640130e-02
   2.0697206e-02
   2.4587107e-02
   2.8046835e-02
   3.1238468e-02
   3.3261911e-02
   3.5026434e-02
   3.5621742e-02
   3.5741008e-02
   3.4971388e-02
   3.3737955e-02
   3.1754270e-02
   2.9784853e-02
   2.7633991e-02
   2.5632976e-02
   2.5220133e-02
   2.3569780e-02
   2.2389354e-02
   2.0705361e-02
   1.6927591e-02
   1.4444416e-02
   1.1057062e-02
   8.3306660e-03
   7.3079370e-03
   5.7681840e-03
   5.9660430e-03
   5.9474910e-03
   6.0063080e-03
   6.6558480e-03
   7.0419840e-03
   7.6610450e-03
   8.1595150e-03
   8.6096670e-03
   8.7973320e-03
   9.0371890e-03
   9.0745990e-03
   9.1207770e-03
   9.2002870e-03
   9.3102770e-03
   9.0071180e-03
   9.6471770e-03
   1.1176328e-02
   1.2716590e-02
   1.6518825e-02
   1.8824631e-02
   2.0872537e-02
   2.2506581e-02
   2.1189560e-02
   2.0716574e-02
   1.8047874e-02
   1.5902109e-02
   1.5676829e-02
   1.3073368e-02
   1.0975513e-02
   8.3170070e-03
   2.2982620e-03
  -9.7298500e-04
  -2.7830730e-03
  -5.9276130e-03
  -5.9805180e-03
  -7.7539090e-03
  -1.2111087e-02
  -1.3453592e-02
  -1.4869491e-02
  -1.6177338e-02
  -1.4277240e-02
  -1.4177342e-02
  -1.5470917e-02
  -1.4528004e-02
  -1.3504560e-02
  -1.2539221e-02
  -1.0611600e-02
  -8.7411650e-03
  -6.6980500e-03
  -4.2538140e-03
  -1.6173260e-03
   1.2952060e-03
   3.6407670e-03
   7.2324010e-03
   1.2589170e-02
   1.6873565e-02
   2.2247662e-02
   2.6880680e-02
   2.9757330e-02
   3.3260891e-02
   3.5004007e-02
   3.7357724e-02
   3.8457620e-02
   4.1142630e-02
   4.8114073e-02
   5.1932617e-02
   5.7840862e-02
   6.2192537e-02
   6.0757269e-02
   6.3016183e-02
   6.4797016e-02
   6.5146658e-02
   6.6637990e-02
   6.7674685e-02
   6.9373969e-02
   7.0681815e-02
   7.3247559e-02
   7.4224113e-02
   7.2366827e-02
   7.2297511e-02
   7.1449397e-02
   6.9953987e-02
   7.0066117e-02
   6.8277132e-02
   6.4443295e-02
   6.2155838e-02
   5.9907117e-02
   5.6809265e-02
   5.4394387e-02
   5.1599284e-02
   4.7459641e-02
   4.5027432e-02
   4.4112043e-02
   4.2547315e-02
   4.2487173e-02
   4.2461687e-02
   4.2392372e-02
   4.3003992e-02
   4.4144661e-02
   4.4634977e-02
   4.4923458e-02
   4.4634977e-02
   4.2315918e-02
   4.0610519e-02
   3.7679844e-02
   3.4932651e-02
   3.2856202e-02
   3.0354680e-02
   2.8724712e-02
   2.7085574e-02
   2.5930632e-02
   2.5448471e-02
   2.4153876e-02
   2.5229307e-02
   2.9951009e-02
   3.2944887e-02
   3.7766488e-02
   4.2289415e-02
   4.4921420e-02
   4.8381146e-02
   5.0887769e-02
   5.2136491e-02
   5.1097757e-02
   5.0469828e-02
   4.7947917e-02
   4.5935688e-02
   4.6292466e-02
   4.4301644e-02
   4.1770559e-02
   4.0354660e-02
   3.8660473e-02
   3.7054973e-02
   3.6868429e-02
   3.5324088e-02
   3.3312879e-02
   3.1296572e-02
   2.7013198e-02
   2.3650309e-02
   2.0905157e-02
   1.7021373e-02
   1.0777756e-02
   8.0247550e-03
   1.0055128e-02
   7.7842860e-03
   1.0528012e-02
   8.7937640e-03
  -8.8790850e-03
  -1.2716590e-02
  -8.8467710e-03
  -1.3056039e-02
  -1.1062159e-02
  -9.4637940e-03
  -9.7511530e-03
  -7.4427990e-03
  -5.5918340e-03
  -3.8125310e-03
  -2.0573860e-03
  -4.4395400e-04
  -1.4339400e-04
   1.4188550e-03
   3.1981590e-03
   5.3179300e-03
   1.0220163e-02
   1.3406701e-02
   1.7227285e-02
   2.0393435e-02
   2.0616676e-02
   2.2083544e-02
   2.1572842e-02
   2.1444402e-02
   2.2512697e-02
   2.2272127e-02
   2.2776713e-02
   2.2924521e-02
   2.2596285e-02
   2.2532065e-02
   2.2072331e-02
   2.1706379e-02
   2.1062139e-02
   2.0871518e-02
   2.1246645e-02
   2.1511680e-02
   2.3374061e-02
   2.4025436e-02
   2.3555508e-02
   2.3936751e-02
   2.2847049e-02
   2.2473961e-02
   2.3032574e-02
   2.2553472e-02
   2.2888843e-02
   2.2468864e-02
   2.0518817e-02
   1.9497413e-02
   1.8105978e-02
   1.6413831e-02
   1.5094771e-02
   1.3587129e-02
   1.1716592e-02
   1.0550438e-02
   1.1117205e-02
   1.0113130e-02
   8.9880550e-03
   7.6328080e-03
   4.2208890e-03
   1.3388350e-03
  -2.7336340e-03
  -6.7819440e-03
  -1.0855228e-02
  -1.4786923e-02
  -1.7897008e-02
  -2.0939815e-02
  -2.1387317e-02
  -2.3880686e-02
  -2.7137559e-02
  -3.0078431e-02
  -3.7624797e-02
  -4.1708377e-02
  -4.4216017e-02
  -4.7707347e-02
  -4.6961169e-02
  -4.7891850e-02
  -4.8901022e-02
  -4.8711421e-02
  -4.9707342e-02
  -4.9799085e-02
  -5.0817430e-02
  -5.0418860e-02
  -4.8540169e-02
  -4.6847001e-02
  -4.1615616e-02
  -3.8727750e-02
  -3.7157927e-02
  -3.4832755e-02
  -3.6034586e-02
  -3.5957115e-02
  -3.6149775e-02
  -3.7230302e-02
  -3.7658436e-02
  -3.8593195e-02
  -3.9189525e-02
  -3.9552419e-02
  -4.0774638e-02
  -4.0484118e-02
  -3.6454564e-02
  -3.5263946e-02
  -3.6361804e-02
  -3.4498402e-02
  -3.1806255e-02
  -3.0877615e-02
  -2.9365895e-02
  -2.8934704e-02
  -3.1112069e-02
  -3.2290456e-02
  -3.6014199e-02
  -3.8110015e-02
  -3.8026428e-02
  -3.9010115e-02
  -3.6729793e-02
  -3.5703291e-02
  -3.5027452e-02
  -3.3446417e-02
  -3.3584030e-02
  -3.2382198e-02
  -3.1855186e-02
  -3.0012171e-02
  -2.5707390e-02
  -2.1954085e-02
  -1.5341458e-02
  -9.8847920e-03
  -4.4934670e-03
   7.6434100e-04
   2.1473960e-03
   5.8230260e-03
   9.5983500e-03
   1.1659508e-02
   1.6439315e-02
   1.7651341e-02
   1.3586109e-02
   1.2702319e-02
   1.0802221e-02
   7.8012080e-03
   5.3228230e-03
   3.1799120e-03
   3.5522870e-03
   2.5449490e-03
   2.6716560e-03
   2.2454590e-03
   5.2930600e-04
  -1.1223220e-03
  -5.0984610e-03
  -8.5013080e-03
  -1.3076426e-02
  -1.7231362e-02
  -2.0696187e-02
  -2.4004029e-02
  -2.4771612e-02
  -2.6464778e-02
  -2.7045816e-02
  -2.7626855e-02
  -2.9747136e-02
  -3.0256819e-02
  -3.1025422e-02
  -3.1329194e-02
  -3.0236432e-02
  -2.9430115e-02
  -2.7635011e-02
  -2.5820540e-02
  -2.3917383e-02
  -2.1872535e-02
  -2.0139613e-02
  -1.8532073e-02
  -1.7495378e-02
  -1.6592220e-02
  -1.6890894e-02
  -1.6503535e-02
  -1.5906186e-02
  -1.5480091e-02
  -1.3373062e-02
  -1.2559608e-02
  -1.1642179e-02
  -1.1177348e-02
  -1.3275203e-02
  -1.3920461e-02
  -1.5610570e-02
  -1.6540232e-02
  -1.5055016e-02
  -1.4971428e-02
  -1.2370006e-02
  -1.1247684e-02
  -1.4143703e-02
  -1.3233409e-02
  -1.0797124e-02
  -1.0282344e-02
  -8.2481990e-03
  -6.8087530e-03
  -6.2172150e-03
  -5.3323030e-03
  -5.8297540e-03
  -5.8436170e-03
  -6.2613530e-03
  -6.5906090e-03
  -6.0342390e-03
  -5.9117110e-03
  -5.2466770e-03
  -4.5362810e-03
  -3.7025410e-03
  -2.7027470e-03
  -1.9867440e-03
  -7.1501400e-04
   7.3791900e-04
   2.4368960e-03
   5.1305710e-03
   7.3674670e-03
   9.9585940e-03
   1.2243604e-02
   1.3859299e-02
   1.5366942e-02
   1.5552466e-02
   1.5991813e-02
   1.6022394e-02
   1.5661539e-02
   1.5597318e-02
   1.4917401e-02
   1.3780808e-02
   1.2907212e-02
   1.1751251e-02
   1.0838918e-02
   1.0480101e-02
   9.9821410e-03
   1.0089378e-02
   1.0145647e-02
   1.0291519e-02
   1.0529031e-02
   1.1151864e-02
   1.1126379e-02
   9.8205720e-03
   9.3765360e-03
   8.1917270e-03
   7.4353570e-03
   8.2268950e-03
   7.9536030e-03
   7.9032460e-03
   8.1864260e-03
   7.8629810e-03
   8.1709320e-03
   8.7215930e-03
   9.3041610e-03
   1.0684994e-02
   1.1710476e-02
   1.2943909e-02
   1.3984682e-02
   1.4438299e-02
   1.4893956e-02
   1.4635037e-02
   1.4258891e-02
   1.3494366e-02
   1.2440342e-02
   1.1145747e-02
   9.6634870e-03
   8.0466710e-03
   6.3017200e-03
   4.7472890e-03
   2.8363860e-03
   8.4504400e-04
  -1.2469900e-03
  -3.9312870e-03
  -6.0992740e-03
  -8.7079340e-03
  -1.0271131e-02
  -1.0414862e-02
  -1.0569806e-02
  -8.0471810e-03
  -6.5792940e-03
  -6.2712410e-03
  -3.8947940e-03
  -2.0688030e-03
   4.4069200e-04
   5.8956050e-03
   8.8797990e-03
   1.0391417e-02
   1.3139627e-02
   1.3039729e-02
   1.4631979e-02
   1.7605469e-02
   1.9477025e-02
   2.3477017e-02
   2.6359783e-02
   2.8987710e-02
   3.1566706e-02
   3.2257837e-02
   3.3497385e-02
   3.3713490e-02
   3.3841930e-02
   3.4256812e-02
   3.4121236e-02
   3.4282297e-02
   3.4278219e-02
   3.4316956e-02
   3.4398503e-02
   3.4528983e-02
   3.4681888e-02
   3.4882703e-02
   3.5102885e-02
   3.5357727e-02
   3.5629898e-02
   3.5937748e-02
   3.6116136e-02
   3.6760374e-02
   3.6438255e-02
   3.5159969e-02
   3.3985661e-02
   3.0627869e-02
   2.8533073e-02
   2.7836846e-02
   2.5499439e-02
   2.4798116e-02
   2.2412799e-02
   1.7754297e-02
   1.3899055e-02
   7.7325020e-03
   2.1116170e-03
  -3.7373010e-03
  -9.3636920e-03
  -1.3538199e-02
  -1.7671728e-02
  -1.9261939e-02
  -2.1631965e-02
  -2.3485172e-02
  -2.4889858e-02
  -2.7962228e-02
  -2.9225222e-02
  -3.0617675e-02
  -3.1040713e-02
  -2.9299635e-02
  -2.7583023e-02
  -2.3408720e-02
  -1.9717596e-02
  -1.5370000e-02
  -1.1317001e-02
  -8.9962100e-03
  -6.1417820e-03
  -5.8234340e-03
  -4.4564640e-03
  -2.3773650e-03
  -1.5637070e-03
   2.1774700e-04
   1.2764500e-03
   1.5093750e-03
   2.1900060e-03
   2.9027460e-03
   2.8375070e-03
   2.2583030e-03
   1.5911280e-03
  -4.3367900e-04
  -1.5538200e-03
  -2.4795060e-03
  -3.1826640e-03
  -1.7973460e-03
  -1.1345540e-03
  -3.0764500e-04
   1.6388350e-03
   4.4527940e-03
   6.8068160e-03
   9.9593070e-03
   1.2192636e-02
   1.2229333e-02
   1.3325152e-02
   1.3386314e-02
   1.3127395e-02
   1.3120259e-02
   1.2490291e-02
   1.1879691e-02
   1.1112108e-02
   1.0258899e-02
   9.3489110e-03
   8.4038570e-03
   7.4623700e-03
   6.5529940e-03
   5.7195600e-03
   4.8594200e-03
   4.3596240e-03
   4.2120200e-03
   4.2365870e-03
   5.2257790e-03
   5.7220070e-03
   6.4149720e-03
   6.8672650e-03
   6.2080410e-03
   5.9671650e-03
   4.9122230e-03
   3.9996860e-03
   3.4162010e-03
   2.4393430e-03
   1.6972440e-03
   9.8803100e-04
   2.8307800e-04
  -1.6470900e-04
  -1.9415900e-04
  -3.4928600e-04
  -2.0971400e-04
  -1.8599400e-04
  -3.1901100e-04
  -4.6095700e-04
  -1.2565720e-03
  -1.6401600e-03
  -2.0702300e-03
  -2.5038690e-03
  -2.3267030e-03
  -2.4824620e-03
  -2.5680890e-03
  -2.5062130e-03
  -2.5790980e-03
  -2.5446430e-03
  -2.5330220e-03
  -2.5504540e-03
  -2.4776710e-03
  -2.5972420e-03
  -2.8134500e-03
  -3.1637040e-03
  -3.8998900e-03
  -4.6397460e-03
  -5.6549320e-03
  -6.5645130e-03
  -8.0462630e-03
  -8.6541110e-03
  -7.6986590e-03
  -7.5986600e-03
  -6.6667550e-03
  -5.6933630e-03
  -5.7728730e-03
  -4.7289410e-03
  -2.7985670e-03
  -1.8029530e-03
  -1.2128420e-03
  -8.1369900e-06
   5.3539100e-04
   1.6699250e-03
   3.9373010e-03
   5.3720590e-03
   7.3435120e-03
   8.9203690e-03
   9.4597160e-03
   1.0332293e-02
   1.0514760e-02
   1.0356758e-02
   9.9200620e-03
   9.0382080e-03
   7.4801070e-03
   6.0279190e-03
   4.5196650e-03
   2.7579960e-03
   1.1549420e-03
  -4.6336300e-04
  -2.1698220e-03
  -3.4504520e-03
  -4.1510620e-03
  -4.9212950e-03
  -4.9773600e-03
  -5.2146680e-03
  -5.6253710e-03
  -5.7218030e-03
  -6.0706300e-03
  -6.3176220e-03
  -6.6153790e-03
  -6.9286300e-03
  -7.2404540e-03
  -7.5485070e-03
  -7.8106880e-03
  -8.0627770e-03
  -8.2383120e-03
  -8.4851000e-03
  -8.2988620e-03
  -8.8260780e-03
  -9.8579820e-03
  -1.1078469e-02
  -1.3899055e-02
  -1.5981619e-02
  -1.8510666e-02
  -2.0683955e-02
  -2.1444402e-02
  -2.2624827e-02
  -2.2489252e-02
  -2.2481097e-02
  -2.2451535e-02
  -2.1929620e-02
  -2.1569784e-02
  -2.1067236e-02
  -2.0667645e-02
  -2.0251743e-02
  -2.0206891e-02
  -1.9864384e-02
  -1.9286404e-02
  -1.8972439e-02
  -1.8091707e-02
  -1.7883756e-02
  -1.8381207e-02
  -1.8703327e-02
  -1.9938798e-02
  -2.1011171e-02
  -2.2153880e-02
  -2.3505560e-02
  -2.4651327e-02
  -2.5802191e-02
  -2.6691079e-02
  -2.7482106e-02
  -2.7779760e-02
  -2.8204836e-02
  -2.8429096e-02
  -2.8667628e-02
  -2.9254783e-02
  -2.9554477e-02
  -3.0052946e-02
  -3.0368949e-02
  -3.0531030e-02
  -3.0517779e-02
  -3.0317981e-02
  -2.9617679e-02
  -2.8180370e-02
  -2.6614625e-02
  -2.3835834e-02
  -2.1406685e-02
  -1.9327178e-02
  -1.6804248e-02
  -1.3521889e-02
  -1.1776735e-02
  -1.2594266e-02
  -1.1984686e-02
  -1.2007112e-02
  -1.2729842e-02
  -1.3032594e-02
  -1.3869493e-02
  -1.4714548e-02
  -1.5604454e-02
  -1.6533096e-02
  -1.7461739e-02
  -1.8364897e-02
  -1.9213009e-02
  -1.9973456e-02
  -2.0652354e-02
  -2.1177328e-02
  -2.1612597e-02
  -2.1771618e-02
  -2.2046847e-02
  -2.2266011e-02
  -2.2391393e-02
  -2.3242563e-02
  -2.3186498e-02
  -2.2024421e-02
  -2.1655410e-02
  -2.0498430e-02
  -1.9748177e-02
  -2.0447462e-02
  -2.0011173e-02
  -1.9610562e-02
  -1.9451541e-02
  -1.8592216e-02
  -1.8115152e-02
  -1.7514746e-02
  -1.6961230e-02
  -1.6783860e-02
  -1.6479070e-02
  -1.6480089e-02
  -1.6435237e-02
  -1.6335339e-02
  -1.6377133e-02
  -1.6339417e-02
  -1.6381211e-02
  -1.6307817e-02
  -1.6462760e-02
  -1.6694156e-02
  -1.7171219e-02
  -1.8143695e-02
  -1.9174274e-02
  -2.0726768e-02
  -2.2218100e-02
  -2.4116160e-02
  -2.5845004e-02
  -2.6057031e-02
  -2.7937763e-02
  -3.1301671e-02
  -3.3326131e-02
  -3.6699212e-02
  -3.9069239e-02
  -3.8682900e-02
  -4.0269033e-02
  -4.1890843e-02
  -4.2634982e-02
  -4.4317954e-02
  -4.5233345e-02
  -4.5615606e-02
  -4.6230284e-02
  -4.6238440e-02
  -4.6309795e-02
  -4.6625799e-02
  -4.6209896e-02
  -4.6173200e-02
  -4.5054955e-02
  -4.1716533e-02
  -3.9588096e-02
  -3.6842943e-02
  -3.3859259e-02
  -3.2789945e-02
  -3.0018290e-02
  -2.5971407e-02
  -2.3333287e-02
  -2.0417900e-02
  -1.7603431e-02
  -1.6129427e-02
  -1.3980604e-02
  -1.2091719e-02
  -1.0424036e-02
  -8.0129300e-03
  -6.4719540e-03
  -5.1120180e-03
  -3.9787890e-03
  -4.2216020e-03
  -3.8771590e-03
  -3.5639070e-03
  -3.7510630e-03
  -3.4558540e-03
  -3.7473930e-03
  -4.1120200e-03
  -4.8372990e-03
  -6.4432080e-03
  -7.8942760e-03
  -1.0103752e-02
  -1.2061138e-02
  -1.3747169e-02
  -1.5564699e-02
  -3.5639070e-03
  -3.7510630e-03
  -3.4558540e-03
  -3.7473930e-03
  -4.1120200e-03
  -4.8372990e-03
  -6.4432080e-03
  -7.8942760e-03
  -1.0103752e-02
  -1.2061138e-02
  -1.3747169e-02
  -1.5564699e-02
  -1.6753279e-02
  -1.7912299e-02
  -1.8724733e-02
  -1.9185487e-02
  -1.9070298e-02
  -1.8994865e-02
  -1.8621777e-02
  -1.8256844e-02
  -1.8254805e-02
  -1.7994867e-02
  -1.8040739e-02
  -1.8044816e-02
  -1.8124327e-02
  -1.7964286e-02
  -1.8553480e-02
  -1.7832788e-02
  -1.4341460e-02
  -1.2677854e-02
  -1.1216084e-02
  -8.7831630e-03
  -6.5294470e-03
  -4.8713460e-03
  -3.7959150e-03
  -3.1415840e-03
  -4.0637020e-03
  -4.7087570e-03
  -6.4242480e-03
  -7.7910140e-03
  -8.2012070e-03
  -9.2911130e-03
  -9.2500320e-03
  -9.6486050e-03
  -1.0319042e-02
  -1.0565728e-02
  -1.1166135e-02
  -1.1619752e-02
  -1.2109048e-02
  -1.2568782e-02
  -1.2939831e-02
  -1.3276222e-02
  -1.3417914e-02
  -1.3576935e-02
  -1.3616690e-02
  -1.3647271e-02
  -1.3718627e-02
  -1.3709453e-02
  -1.3739014e-02
  -1.3749208e-02
  -1.3764498e-02
  -1.3778770e-02
  -1.3794060e-02
  -1.3800176e-02
  -1.3823622e-02
  -1.3829738e-02
  -1.3854203e-02
  -1.3815467e-02
  -1.3997933e-02
  -1.3704356e-02
  -1.2951044e-02
  -1.2247682e-02
  -1.0452578e-02
  -9.3815310e-03
  -8.7924390e-03
  -7.9018190e-03
  -8.0946830e-03
  -7.8888730e-03
  -7.6946840e-03
  -7.6996790e-03
  -7.8982510e-03
  -7.3941750e-03
  -5.9731790e-03
  -4.7808260e-03
  -1.4720660e-03
   1.8608500e-04
  -1.4052000e-04
   1.1137590e-03
   4.4977500e-04
   7.4705300e-04
   3.2301670e-03
   3.7490240e-03
   4.4533040e-03
   5.3592150e-03
   4.9825590e-03
   5.2460650e-03
   5.4878580e-03
   5.3824560e-03
   5.4708350e-03
   5.4263910e-03
   5.4254730e-03
   5.4053920e-03
   5.3802140e-03
   5.3615590e-03
   5.3276140e-03
   5.4187460e-03
   5.1036600e-03
   5.5389290e-03
   7.2542160e-03
   8.1132360e-03
   9.7052810e-03
   1.0820570e-02
   1.0320061e-02
   1.0834841e-02
   1.0986726e-02
   1.0857267e-02
   1.1089682e-02
   1.0940855e-02
   1.1115166e-02
   1.0770621e-02
   9.9143530e-03
   9.0645080e-03
   7.0052870e-03
   5.6424960e-03
   4.5936710e-03
   3.2851110e-03
   2.9550400e-03
   2.2797100e-03
   1.6910260e-03
   1.4330250e-03
   1.1925560e-03
   1.0141880e-03
   8.8198600e-04
   7.0533000e-04
   3.4896000e-04
   7.9142600e-05
  -3.1806300e-04
  -7.0370900e-04
  -1.0907220e-03
  -1.4573880e-03
  -1.7576930e-03
  -2.0414840e-03
  -2.1378140e-03
  -2.3057040e-03
  -2.4110040e-03
  -2.5432160e-03
  -2.8218090e-03
  -3.0355700e-03
  -3.3665580e-03
  -3.7064150e-03
  -4.0728770e-03
  -4.4599300e-03
  -4.8417850e-03
  -5.2489190e-03
  -5.4929550e-03
  -5.9977450e-03
  -6.6583960e-03
  -7.3572740e-03
  -8.7409610e-03
  -9.5900930e-03
  -1.0437288e-02
  -1.1000997e-02
  -1.0487237e-02
  -1.0267054e-02
  -9.2477900e-03
  -8.3723580e-03
  -7.7632870e-03
  -6.8229220e-03
  -6.5354610e-03
  -5.7760330e-03
  -4.9225180e-03
  -3.9600330e-03
  -2.3553470e-03
  -1.2198750e-03
   9.8018200e-05
   2.6806270e-03
   3.5215000e-04
   4.8278190e-03
   2.5956115e-02
   3.2780771e-02
   3.1367928e-02
   3.8930606e-02
   4.0141611e-02
   4.1594209e-02
   4.5374016e-02
   4.5452508e-02
   4.6241497e-02
   4.5393386e-02
   3.9944874e-02
   3.7128366e-02
   3.5652326e-02
   3.1588113e-02
   2.7741026e-02
   2.4407698e-02
   2.0377125e-02
   1.7451545e-02
   1.6344514e-02
   1.4562662e-02
   1.4081521e-02
   1.3591206e-02
   1.2396509e-02
   1.2333309e-02
   1.2357773e-02
   1.2448497e-02
   1.3147782e-02
   1.3623826e-02
   1.4048902e-02
   1.4628921e-02
   1.4976525e-02
   1.5347574e-02
   1.5477033e-02
   1.5629938e-02
   1.5642171e-02
   1.5646248e-02
   1.5653384e-02
   1.5667655e-02
   1.5777746e-02
   1.5912303e-02
   1.6238500e-02
   1.6495380e-02
   1.6996908e-02
   1.7243594e-02
   1.7262962e-02
   1.7180394e-02
   1.6367959e-02
   1.6002007e-02
   1.4543294e-02
   1.4681928e-02
   1.6774686e-02
   1.8355723e-02
   2.3651329e-02
   2.6689038e-02
   2.8024408e-02
   3.0605444e-02
   3.0048871e-02
   3.0653354e-02
   3.1264974e-02
   3.1147746e-02
   3.1818489e-02
   3.2180363e-02
   3.3326131e-02
   3.4020320e-02
   3.4764457e-02
   3.5316952e-02
   3.4908186e-02
   3.4879645e-02
   3.4229289e-02
   3.3732857e-02
   3.3721646e-02
   3.3243561e-02
   3.3151818e-02
   3.2802176e-02
   3.2236429e-02
   3.1690050e-02
   3.0804219e-02
   2.9855191e-02
   2.8548362e-02
   2.7286389e-02
   2.5876605e-02
   2.4512693e-02
   2.3296589e-02
   2.2088641e-02
   2.1535125e-02
   2.0462752e-02
   1.9486200e-02
   1.8137578e-02
   1.5605473e-02
   1.3612613e-02
   1.0769601e-02
   8.2451410e-03
   7.0783750e-03
   4.6501440e-03
   1.5466840e-03
  -5.0133400e-04
  -2.8703310e-03
  -4.8015190e-03
  -4.7757290e-03
  -6.0435150e-03
  -7.9400450e-03
  -8.7332140e-03
  -1.0178369e-02
  -1.1038714e-02
  -1.0875615e-02
  -1.1205890e-02
  -1.0919448e-02
  -1.0734943e-02
  -1.1034636e-02
  -1.0866441e-02
  -1.0941874e-02
  -1.0892945e-02
  -1.0694168e-02
  -1.0454617e-02
  -9.8955970e-03
  -9.3809190e-03
  -8.6417770e-03
  -7.9241430e-03
  -7.1886710e-03
  -6.4798040e-03
  -5.9121190e-03
  -5.4063090e-03
  -5.2094700e-03
  -4.9861270e-03
  -4.9747100e-03
  -4.9631910e-03
  -4.9075330e-03
  -4.9667590e-03
  -4.9641080e-03
  -4.9614580e-03
  -5.0912230e-03
  -4.9207850e-03
  -4.5436200e-03
  -4.0555480e-03
  -2.8926550e-03
  -1.9854190e-03
  -9.8871400e-04
   1.0904200e-04
   7.5575800e-04
   1.7823610e-03
   2.8034600e-03
   3.8553440e-03
   5.3307740e-03
   6.5755220e-03
   7.9677720e-03
   9.2159860e-03
   1.0226279e-02
   1.1130457e-02
   1.1458693e-02
   1.1884788e-02
   1.2004053e-02
   1.2131474e-02
   1.2480097e-02
   1.2614654e-02
   1.2931676e-02
   1.3203847e-02
   1.3506599e-02
   1.3803234e-02
   1.4085599e-02
   1.4357769e-02
   1.4572856e-02
   1.4600379e-02
   1.4982641e-02
   1.4715567e-02
   1.2364909e-02
   1.1908233e-02
   1.2936773e-02
   1.2476020e-02
   1.3967352e-02
   1.3623826e-02
   1.1410782e-02
   9.5901950e-03
   3.3081480e-03
  -2.1235400e-04
  -2.3167130e-03
  -5.5020280e-03
  -4.8001940e-03
  -5.6470840e-03
  -6.4073270e-03
  -6.1025360e-03
  -6.5874490e-03
  -6.4978460e-03
  -6.5129330e-03
  -6.5609450e-03
  -6.5263890e-03
  -6.6266940e-03
  -6.7894870e-03
  -7.0566630e-03
  -7.5697100e-03
  -8.0638980e-03
  -8.7554360e-03
  -9.4938650e-03
  -1.0297635e-02
  -1.0792027e-02
  -1.2149823e-02
  -1.2104971e-02
  -8.3094630e-03
  -7.4585990e-03
  -8.4344380e-03
  -7.0194560e-03
  -6.4660420e-03
  -5.7794990e-03
  -4.0331210e-03
  -2.8550400e-03
  -1.3371020e-03
   2.1990800e-04
   1.7120250e-03
   3.1316960e-03
   4.2684930e-03
   5.2786850e-03
   5.8920370e-03
   6.2612510e-03
   6.3362770e-03
   5.9135460e-03
   4.9599290e-03
   3.6855170e-03
   1.5678870e-03
  -5.0830700e-04
  -2.9817470e-03
  -5.3377060e-03
  -7.3991700e-03
  -9.4399400e-03
  -1.0048196e-02
  -1.1737999e-02
  -1.3592226e-02
  -1.5347574e-02
  -1.9413825e-02
  -2.1587113e-02
  -2.2927579e-02
  -2.4652346e-02
  -2.4053978e-02
  -2.4277220e-02
  -2.4382214e-02
  -2.3812389e-02
  -2.3692103e-02
  -2.3235428e-02
  -2.2863359e-02
  -2.2529007e-02
  -2.2263972e-02
  -2.2017285e-02
  -2.2008111e-02
  -2.1771618e-02
  -2.1473963e-02
  -2.1065197e-02
  -2.0135536e-02
  -1.9388340e-02
  -1.8351645e-02
  -1.7406693e-02
  -1.6585084e-02
  -1.5828715e-02
  -1.5567757e-02
  -1.5204863e-02
  -1.5182437e-02
  -1.5160010e-02
  -1.5055016e-02
  -1.5107003e-02
  -1.5129429e-02
  -1.5083558e-02
  -1.4970408e-02
  -1.4795077e-02
  -1.4293549e-02
  -1.3980604e-02
  -1.3635039e-02
  -1.3323113e-02
  -1.3372043e-02
  -1.3237486e-02
  -1.3248699e-02
  -1.3258893e-02
  -1.2887844e-02
  -1.2968374e-02
  -1.3219138e-02
  -1.3461747e-02
  -1.4445435e-02
  -1.4884782e-02
  -1.5296605e-02
  -1.5525963e-02
  -1.4468880e-02
  -1.4124335e-02
  -1.3469902e-02
  -1.2846050e-02
  -1.3217099e-02
  -1.2965316e-02
  -1.2846050e-02
  -1.2936773e-02
  -1.2854205e-02
  -1.2908231e-02
  -1.2907212e-02
  -1.2961238e-02
  -1.3030555e-02
  -1.3141666e-02
  -1.3338403e-02
  -1.3545335e-02
  -1.3825660e-02
  -1.4139625e-02
  -1.4499461e-02
  -1.4886820e-02
  -1.5348593e-02
  -1.5737991e-02
  -1.6112098e-02
  -1.6423005e-02
  -1.6568774e-02
  -1.6691098e-02
  -1.6666633e-02
  -1.6581007e-02
  -1.6403637e-02
  -1.6187531e-02
  -1.5910264e-02
  -1.5600377e-02
  -1.5283354e-02
  -1.5135546e-02
  -1.4453590e-02
  -1.4806290e-02
  -1.7004043e-02
  -1.8087629e-02
  -1.9784874e-02
  -2.1564687e-02
  -2.1814431e-02
  -2.3312899e-02
  -2.5765494e-02
  -2.6870487e-02
  -2.7821555e-02
  -2.8640105e-02
  -2.8184448e-02
  -2.7918396e-02
  -2.7317987e-02
  -2.6069265e-02
  -2.4544293e-02
  -2.2598324e-02
  -2.0009134e-02
  -1.7432177e-02
  -1.4562662e-02
  -1.1679895e-02
  -9.1085440e-03
  -6.3927500e-03
  -4.0183410e-03
  -1.7188550e-03
   4.6703300e-04
   2.2724730e-03
   3.7599310e-03
   4.9667590e-03
   5.4977460e-03
   6.0326080e-03
   6.1754210e-03
   6.2251660e-03
   6.6122190e-03
   6.4180300e-03
   6.2607420e-03
   5.7796010e-03
   4.6617640e-03
   3.5909200e-03
   2.0056030e-03
   3.8639100e-04
  -1.3866440e-03
  -3.1721650e-03
  -4.8355660e-03
  -6.3855120e-03
  -7.5661420e-03
  -8.6170060e-03
  -8.8950890e-03
  -9.4761280e-03
  -9.8580840e-03
  -1.0329235e-02
  -1.1574900e-02
  -1.2349619e-02
  -1.3530044e-02
  -1.4541255e-02
  -1.5108023e-02
  -1.5899051e-02
  -1.6258887e-02
  -1.6723718e-02
  -1.7281311e-02
  -1.7612605e-02
  -1.8130443e-02
  -1.8349607e-02
  -1.8405672e-02
  -1.8303735e-02
  -1.7695174e-02
  -1.7131464e-02
  -1.6211996e-02
  -1.5314954e-02
  -1.4409757e-02
  -1.3497425e-02
  -1.2974490e-02
  -1.2213023e-02
  -1.1637082e-02
  -1.0951048e-02
  -9.9190420e-03
  -9.1034480e-03
  -8.0576800e-03
  -7.1425950e-03
  -6.1830660e-03
  -5.6194590e-03
  -5.5713440e-03
  -5.3882660e-03
  -7.1740940e-03
  -7.2959080e-03
  -4.1495330e-03
  -4.0069240e-03
  -5.1747090e-03
  -4.5050880e-03
  -4.4774630e-03
  -4.4997870e-03
  -3.9825610e-03
  -3.6896970e-03
  -3.2701260e-03
  -2.6367940e-03
  -1.7361840e-03
  -8.2299500e-04
   2.7884800e-04
   1.4237480e-03
   2.6070290e-03
   3.7866390e-03
   4.8786850e-03
   5.9033520e-03
   6.7171120e-03
   7.5019220e-03
   7.6833690e-03
   8.3596160e-03
   9.6740890e-03
   1.0415881e-02
   1.1718631e-02
   1.2613634e-02
   1.2665622e-02
   1.3222196e-02
   1.3617710e-02
   1.3701298e-02
   1.3818525e-02
   1.3683969e-02
   1.3350636e-02
   1.2926580e-02
   1.2118222e-02
   1.1467867e-02
   1.0744117e-02
   1.0148400e-02
   1.2665622e-02
   1.3222196e-02
   1.3617710e-02
   1.3701298e-02
   1.3818525e-02
   1.3683969e-02
   1.3350636e-02
   1.2926580e-02
   1.2118222e-02
   1.1467867e-02
   1.0744117e-02
   1.0148400e-02
   1.0011601e-02
   9.8207750e-03
   1.0045953e-02
   1.0355739e-02
   1.0806298e-02
   1.1508642e-02
   1.2350638e-02
   1.3344520e-02
   1.4514752e-02
   1.5756340e-02
   1.7096806e-02
   1.8442369e-02
   1.9861326e-02
   2.1105972e-02
   2.2151842e-02
   2.3061116e-02
   2.3388332e-02
   2.3831757e-02
   2.3943887e-02
   2.4047862e-02
   2.4358769e-02
   2.4460705e-02
   2.4738992e-02
   2.4928594e-02
   2.5291489e-02
   2.5381193e-02
   2.5325128e-02
   2.5065189e-02
   2.4201786e-02
   2.3369984e-02
   2.2077428e-02
   2.0775697e-02
   1.9369992e-02
   1.8014235e-02
   1.6875603e-02
   1.5855218e-02
   1.5442375e-02
   1.4943905e-02
   1.4846046e-02
   1.4769593e-02
   1.4583049e-02
   1.4673773e-02
   1.4454609e-02
   1.4722702e-02
   1.5198746e-02
   1.5995891e-02
   1.7666631e-02
   1.9324120e-02
   2.1657449e-02
   2.4075385e-02
   2.6673749e-02
   2.9306771e-02
   3.1768541e-02
   3.4066190e-02
   3.5888817e-02
   3.7425002e-02
   3.8159966e-02
   3.8751195e-02
   3.8687996e-02
   3.8433154e-02
   3.8017255e-02
   3.7301658e-02
   3.6539171e-02
   3.5675771e-02
   3.4816445e-02
   3.3995855e-02
   3.3334287e-02
   3.2707375e-02
   3.2569762e-02
   3.2106970e-02
   3.1566706e-02
   3.1101875e-02
   2.9935720e-02
   2.9324101e-02
   2.8978536e-02
   2.8483122e-02
   2.8578943e-02
   2.8492299e-02
   2.8411767e-02
   2.8534091e-02
   2.8574865e-02
   2.8707383e-02
   2.8844999e-02
   2.9002999e-02
   2.9177311e-02
   2.9369971e-02
   2.9562633e-02
   2.9761408e-02
   2.9966301e-02
   3.0170174e-02
   3.0373027e-02
   3.0575880e-02
   3.0760386e-02
   3.0938777e-02
   3.1096777e-02
   3.1239488e-02
   3.1370986e-02
   3.1472925e-02
   3.1544281e-02
   3.1605440e-02
   3.1635004e-02
   3.1650293e-02
   3.1645197e-02
   3.1636021e-02
   3.1639081e-02
   3.1623790e-02
   3.1613596e-02
   3.1599324e-02
   3.1592189e-02
   3.1581995e-02
   3.1566706e-02
   3.1565686e-02
   3.1550396e-02
   3.1540203e-02
   3.1534084e-02
   3.1513697e-02
   3.1524911e-02
   3.1477000e-02
   3.1390356e-02
   3.1261916e-02
   3.0996881e-02
   3.0731846e-02
   3.0384241e-02
   3.0012171e-02
   2.9623795e-02
   2.9221144e-02
   2.8849077e-02
   2.8506568e-02
   2.8236437e-02
   2.7975480e-02
   2.7943879e-02
   2.7693115e-02
   2.7357744e-02
   2.6923493e-02
   2.5959173e-02
   2.5164068e-02
   2.4102908e-02
   2.3120239e-02
   2.2277224e-02
   2.1486196e-02
   2.1205870e-02
   2.0781814e-02
   2.0659490e-02
   2.0504546e-02
   2.0151846e-02
   1.9974476e-02
   1.9626872e-02
   1.9282326e-02
   1.8994865e-02
   1.8481105e-02
   1.7882737e-02
   1.7095786e-02
   1.5929632e-02
   1.4732896e-02
   1.3221176e-02
   1.1637082e-02
   9.8879520e-03
   8.1473840e-03
   6.4285290e-03
   4.7635990e-03
   3.3384230e-03
   1.9788950e-03
   8.8998800e-04
  -4.3488200e-05
  -7.3172100e-04
  -1.2383260e-03
  -1.5185490e-03
  -1.6643190e-03
  -1.5201800e-03
  -1.3955120e-03
  -1.3830760e-03
  -1.0577960e-03
  -8.4116000e-04
  -2.9882700e-04
   7.2099800e-04
   1.6816480e-03
   3.0653350e-03
   4.4392370e-03
   6.0172150e-03
   7.4023300e-03
   8.5620620e-03
   9.5095630e-03
   9.7448330e-03
   9.9249550e-03
   9.3467700e-03
   8.8694010e-03
   8.1816350e-03
   7.5059990e-03
   7.3648170e-03
   6.9507510e-03
   6.9548280e-03
   6.8992730e-03
   6.7780700e-03
   6.7894870e-03
   6.8094670e-03
   6.6794970e-03
   6.4310780e-03
   6.0539120e-03
   5.2493270e-03
   4.5366880e-03
   3.5856200e-03
   2.7016260e-03
   1.9272130e-03
   1.2109050e-03
   9.3078300e-04
   5.6762400e-04
   5.2587100e-04
   4.8043700e-04
   3.5927600e-04
   4.0211900e-04
   3.4283300e-04
   3.5918400e-04
   3.5279200e-04
   3.5149800e-04
   3.4511700e-04
   3.3872500e-04
   3.5129400e-04
   3.2962200e-04
   2.9774700e-04
   2.3529000e-04
   1.2186500e-04
  -1.7502500e-06
  -1.6237500e-04
  -3.6244600e-04
  -5.8422900e-04
  -8.9337200e-04
  -1.0035250e-03
  -1.6195690e-03
  -2.7150810e-03
  -3.7818480e-03
  -5.9357680e-03
  -7.3846950e-03
  -8.3620630e-03
  -9.6308680e-03
  -9.8174110e-03
  -1.0396513e-02
  -1.0960223e-02
  -1.1195696e-02
  -1.1625869e-02
  -1.1881730e-02
  -1.2143707e-02
  -1.2379180e-02
  -1.2575918e-02
  -1.2751249e-02
  -1.2875611e-02
  -1.2978567e-02
  -1.3026478e-02
  -1.3069291e-02
  -1.3085601e-02
  -1.3091717e-02
  -1.3104969e-02
  -1.3107007e-02
  -1.3113124e-02
  -1.3104969e-02
  -1.3112104e-02
  -1.3103949e-02
  -1.3110066e-02
  -1.3102930e-02
  -1.3100891e-02
  -1.3128414e-02
  -1.3037691e-02
  -1.3216080e-02
  -1.3593245e-02
  -1.4062153e-02
  -1.5163069e-02
  -1.5985697e-02
  -1.7015256e-02
  -1.7925550e-02
  -1.8144714e-02
  -1.8852154e-02
  -1.9255823e-02
  -1.9857249e-02
  -2.1205870e-02
  -2.2036653e-02
  -2.3217079e-02
  -2.4159992e-02
  -2.4501480e-02
  -2.5057034e-02
  -2.5072325e-02
  -2.5124313e-02
  -2.5193630e-02
  -2.4985679e-02
  -2.4762438e-02
  -2.4426047e-02
  -2.3985681e-02
  -2.3512695e-02
  -2.2970392e-02
  -2.2379160e-02
  -2.1855206e-02
  -2.1134514e-02
  -2.0307809e-02
  -1.9393437e-02
  -1.8103939e-02
  -1.6961230e-02
  -1.5677848e-02
  -1.4520868e-02
  -1.3628923e-02
  -1.2798140e-02
  -1.2490291e-02
  -1.2112106e-02
  -1.2027499e-02
  -1.1990802e-02
  -1.1859303e-02
  -1.1909252e-02
  -1.1858284e-02
  -1.1874594e-02
  -1.1845032e-02
  -1.1904156e-02
  -1.2028518e-02
  -1.2219140e-02
  -1.2614654e-02
  -1.2958180e-02
  -1.3424030e-02
  -1.3849106e-02
  -1.4208942e-02
  -1.4557565e-02
  -1.4657463e-02
  -1.4867452e-02
  -1.4941866e-02
  -1.5062151e-02
  -1.5329225e-02
  -1.5515769e-02
  -1.5838908e-02
  -1.6151854e-02
  -1.6500477e-02
  -1.6861332e-02
  -1.7225246e-02
  -1.7578966e-02
  -1.7899047e-02
  -1.8186508e-02
  -1.8416885e-02
  -1.8607506e-02
  -1.8688036e-02
  -1.8761430e-02
  -1.8778760e-02
  -1.8782837e-02
  -1.8810360e-02
  -1.8792011e-02
  -1.8796089e-02
  -1.8787934e-02
  -1.8784876e-02
  -1.8778760e-02
