   8.5094630e-03
   8.4920320e-03
   8.4825520e-03
   8.4818380e-03
   8.4895850e-03
   8.5058950e-03
   8.5311760e-03
   8.5654260e-03
   8.6086470e-03
   8.6603290e-03
   8.7198600e-03
   8.7858130e-03
   8.8565570e-03
   8.9282190e-03
   8.9948850e-03
   9.0508480e-03
   9.0928460e-03
   9.1170050e-03
   9.1078310e-03
   9.0357620e-03
   8.8761290e-03
   8.6335200e-03
   8.3336220e-03
   7.9790870e-03
   7.5284250e-03
   6.9486100e-03
   6.2904050e-03
   5.6713440e-03
   5.1603360e-03
   4.7160960e-03
   4.2836820e-03
   3.9217050e-03
   3.7446410e-03
   3.7234380e-03
   3.6705330e-03
   3.5036630e-03
   3.3847030e-03
   3.3987700e-03
   3.1572820e-03
   1.9994860e-03
  -2.4529000e-04
  -2.8332260e-03
  -4.6862290e-03
  -5.4173180e-03
  -5.5581950e-03
  -5.7184390e-03
  -5.8512630e-03
  -5.5722620e-03
  -4.9273090e-03
  -4.4954040e-03
  -4.7729770e-03
  -5.7020270e-03
  -6.8093650e-03
  -7.6140520e-03
  -7.8072220e-03
  -7.2031460e-03
  -5.7979500e-03
  -3.9798080e-03
  -2.5269060e-03
  -2.2188540e-03
  -3.3340400e-03
  -5.4113040e-03
  -7.3690980e-03
  -7.9702190e-03
  -6.5641050e-03
  -3.6518790e-03
  -3.3340400e-03
   1.4920460e-03
   2.4828700e-03
   2.8956110e-03
   2.9743060e-03
   2.4558560e-03
   1.2017310e-03
  -2.6866400e-04
  -1.1597330e-03
  -1.2838910e-03
  -1.3085600e-03
  -1.9917390e-03
  -3.3384230e-03
  -4.6676770e-03
  -5.3841890e-03
  -5.4850040e-03
  -5.3442300e-03
  -5.2178290e-03
  -5.0821510e-03
  -4.8375030e-03
  -4.4469840e-03
  -3.8626830e-03
  -3.0247650e-03
  -2.0904140e-03
  -1.5133510e-03
  -1.6882740e-03
  -2.5409740e-03
  -3.6242540e-03
  -4.6355670e-03
  -5.6809260e-03
  -6.9297520e-03
  -8.1388220e-03
  -8.8128260e-03
  -8.9484020e-03
  -9.3410620e-03
  -1.0820570e-02
  -1.3135550e-02
  -1.4854201e-02
  -1.4631979e-02
  -1.2645235e-02
  -1.0601406e-02
  -1.0113945e-02
  -1.1059101e-02
  -1.1727805e-02
  -1.0760427e-02
  -8.7885650e-03
  -7.8529920e-03
  -9.0968220e-03
  -1.1403647e-02
  -1.2630964e-02
  -1.1910272e-02
  -1.0361855e-02
  -9.6025290e-03
  -1.0016698e-02
  -1.0772659e-02
  -1.1236471e-02
  -1.1713534e-02
  -1.2634022e-02
  -1.3544315e-02
  -1.3431166e-02
  -1.1879691e-02
  -9.6331100e-03
  -8.0646120e-03
  -8.2381080e-03
  -1.0188359e-02
  -1.2818527e-02
  -1.4589166e-02
  -1.4679889e-02
  -1.3552470e-02
  -1.2288457e-02
  -1.1412821e-02
  -1.0614658e-02
  -9.6262800e-03
  -8.9954970e-03
  -9.5461580e-03
  -1.1155941e-02
  -1.2674796e-02
  -1.3245641e-02
  -1.3193654e-02
  -1.3304764e-02
  -1.3761440e-02
  -1.4164090e-02
  -1.4038708e-02
  -1.2936773e-02
  -1.0608541e-02
  -7.7838780e-03
  -6.3461650e-03
  -7.8980470e-03
  -1.2009150e-02
  -1.6282332e-02
  -1.8263980e-02
  -1.7237478e-02
  -1.4356750e-02
  -1.1439325e-02
  -9.7368820e-03
  -9.4737830e-03
  -1.0019960e-02
  -1.0430152e-02
  -1.0198756e-02
  -9.7515600e-03
  -9.9745980e-03
  -1.1178367e-02
  -1.2805275e-02
  -1.4277240e-02
  -1.5626880e-02
  -1.6955114e-02
  -1.7742064e-02
  -1.7237478e-02
  -1.5342477e-02
  -1.2664603e-02
  -9.8257700e-03
  -7.1546240e-03
  -5.0143630e-03
  -3.9767500e-03
  -4.2207870e-03
  -4.8389300e-03
  -4.1409700e-03
  -9.7678700e-04
   4.2079430e-03
   9.6336200e-03
   1.3421992e-02
   1.4729838e-02
   1.4095792e-02
   1.2914347e-02
   1.2341464e-02
   1.2481117e-02
   1.2805275e-02
   1.3388352e-02
   1.5290489e-02
   1.9338391e-02
   2.4829716e-02
   2.9957128e-02
   3.3491267e-02
   3.5709409e-02
   3.7573829e-02
   3.9358740e-02
   4.0499409e-02
   4.0782794e-02
   4.1127338e-02
   4.2605419e-02
   4.4682888e-02
   4.4911226e-02
   4.0862303e-02
   3.2449476e-02
   2.2055002e-02
   1.2378161e-02
   4.5355670e-03
  -1.7331260e-03
  -6.8351540e-03
  -1.0950029e-02
  -1.4408738e-02
  -1.7565714e-02
  -2.0146749e-02
  -2.1353678e-02
  -2.1065197e-02
  -2.0612599e-02
  -2.1715553e-02
  -2.4597300e-02
  -2.7848058e-02
  -3.0330215e-02
  -3.2294534e-02
  -3.4063132e-02
  -3.4579951e-02
  -3.2542239e-02
  -2.8926548e-02
  -2.7335317e-02
  -3.1134494e-02
  -4.0130400e-02
  -5.0352600e-02
  -5.7375011e-02
  -6.0082449e-02
  -6.1261856e-02
  -6.4494264e-02
  -7.0316884e-02
  -7.5412693e-02
  -7.5652243e-02
  -7.0100776e-02
  -6.2265930e-02
  -5.7590098e-02
  -5.9429035e-02
  -6.6787837e-02
  -7.5493222e-02
  -8.1691987e-02
  -8.4719504e-02
  -8.6944780e-02
  -9.0876475e-02
  -9.6296444e-02
  -1.0006096e-01
  -9.8413667e-02
  -8.9539068e-02
  -7.4350515e-02
  -5.5629858e-02
  -3.6864351e-02
  -2.1480079e-02
  -1.2020363e-02
  -9.3200630e-03
  -1.2470923e-02
  -1.9521877e-02
  -2.7615644e-02
  -3.2667621e-02
  -3.0860285e-02
  -2.2327172e-02
  -1.3023419e-02
  -1.0877654e-02
  -1.8571828e-02
  -3.0423996e-02
  -3.7741006e-02
  -3.7689017e-02
  -3.5973424e-02
  -4.0467808e-02
  -5.3603357e-02
  -7.1573762e-02
  -8.9063023e-02
  -1.0293557e-01
  -1.1243607e-01
  -1.1819548e-01
  -1.2200791e-01
  -1.2595286e-01
  -1.3059097e-01
  -1.3394469e-01
  -1.3411798e-01
  -1.3267048e-01
  -1.3406701e-01
  -1.4040747e-01
  -1.4785903e-01
  -1.5006086e-01
  -1.4496403e-01
  -1.3729840e-01
  -1.3388352e-01
  -1.3692124e-01
  -1.4222194e-01
  -1.4356750e-01
  -1.3857261e-01
  -1.3048904e-01
  -1.2511698e-01
  -1.2574898e-01
  -1.3029536e-01
  -1.3293551e-01
  -1.2899057e-01
  -1.1898039e-01
  -1.0763485e-01
  -9.8487060e-02
  -8.9751094e-02
  -7.6207799e-02
  -5.5118137e-02
  -2.9648260e-02
  -6.1364810e-03
   1.1775715e-02
   2.5891895e-02
   4.0623771e-02
   5.8279189e-02
   7.7421864e-02
   9.4973306e-02
   1.0901100e-01
   1.1967356e-01
   1.2821585e-01
   1.3564703e-01
   1.4244620e-01
   1.4877646e-01
   1.5467859e-01
   1.5964290e-01
   1.6245635e-01
   1.6233403e-01
   1.6032588e-01
   1.5862354e-01
   1.5824637e-01
   1.5811385e-01
   1.5710468e-01
   1.5623822e-01
   1.5745127e-01
   1.6015258e-01
   1.6025452e-01
   1.5340438e-01
   1.3917403e-01
   1.2129436e-01
   1.0378165e-01
   8.7645085e-02
   7.1644097e-02
   5.5112019e-02
   3.8958129e-02
   2.4274161e-02
   1.1387337e-02
   7.8211900e-04
  -5.8939740e-03
  -7.0583960e-03
  -3.5833770e-03
   1.1641160e-03
   4.4364840e-03
   6.5808230e-03
   9.5966170e-03
   1.3749208e-02
   1.6745125e-02
   1.6525961e-02
   1.4241562e-02
   1.3865416e-02
   1.8933703e-02
   2.9917371e-02
   4.4455569e-02
   5.9359717e-02
   7.2718509e-02
   8.5500338e-02
   1.0168175e-01
   1.2519853e-01
   1.5517808e-01
   1.8464795e-01
   2.0554495e-01
   2.1549396e-01
   2.1946949e-01
   2.2522891e-01
   2.3731859e-01
   2.5488226e-01
   2.7374054e-01
   2.9000961e-01
   3.0237452e-01
   3.1247644e-01
   3.2398508e-01
   3.4016242e-01
   3.6138561e-01
   3.8457620e-01
   4.0567707e-01
   4.2290436e-01
   4.3754245e-01
   4.5189513e-01
   4.6686961e-01
   4.8153828e-01
   4.9467792e-01
   5.0631907e-01
   5.1750152e-01
   5.2894899e-01
   5.4026396e-01
   5.5041684e-01
   5.5870428e-01
   5.6560539e-01
   5.7234340e-01
   5.7948917e-01
   5.8609464e-01
   5.9008037e-01
   5.8996823e-01
   5.8559516e-01
   5.7750139e-01
   5.6614565e-01
   5.5154834e-01
   5.3282258e-01
   5.0762387e-01
   4.7375034e-01
   4.3208885e-01
   3.8716539e-01
   3.4389329e-01
   3.0482100e-01
   2.7185470e-01
   2.4817484e-01
   2.3492308e-01
   2.2400567e-01
   1.9771622e-01
   1.4070308e-01
   5.5399482e-02
  -3.6348552e-02
  -1.0954107e-01
  -1.5441356e-01
  -1.7934725e-01
  -1.9921469e-01
  -2.2363870e-01
  -2.5446432e-01
  -2.9008097e-01
  -3.2895959e-01
  -3.6961189e-01
  -4.0956086e-01
  -4.4582989e-01
  -4.7708364e-01
  -5.0423956e-01
  -5.2915287e-01
  -5.5288372e-01
  -5.7526899e-01
  -5.9592134e-01
  -6.1432088e-01
  -6.2929538e-01
  -6.3946864e-01
  -6.4494264e-01
  -6.4786822e-01
  -6.5069187e-01
  -6.5443294e-01
  -6.5909145e-01
  -6.6464698e-01
  -6.7082436e-01
  -6.7655318e-01
  -6.8103839e-01
  -6.8440230e-01
  -6.8589057e-01
  -6.8177233e-01
  -6.6752161e-01
  -6.4308740e-01
  -6.1504464e-01
  -5.9169098e-01
  -5.7558497e-01
  -5.6184393e-01
  -5.4379096e-01
  -5.1890825e-01
  -4.8909178e-01
  -4.5684924e-01
  -4.2305725e-01
  -3.8736926e-01
  -3.4954059e-01
  -3.0972416e-01
  -2.6886796e-01
  -2.2917385e-01
  -1.9382224e-01
  -1.6579987e-01
  -1.4632998e-01
  -1.3362868e-01
  -1.2298650e-01
  -1.0888867e-01
  -8.8575766e-02
  -6.3927497e-02
  -3.9763428e-02
  -1.9477025e-02
  -2.0805260e-03
   1.6687021e-02
   4.0402568e-02
   6.9070199e-02
   9.9732727e-02
   1.2938812e-01
   1.5727797e-01
   1.8494357e-01
   2.1466828e-01
   2.4742050e-01
   2.8191584e-01
   3.1528989e-01
   3.4522867e-01
   3.7130406e-01
   3.9452520e-01
   4.1584015e-01
   4.3490229e-01
   4.5032530e-01
   4.6085535e-01
   4.6685941e-01
   4.7049854e-01
   4.7388285e-01
   4.7696133e-01
   4.7779720e-01
   4.7508569e-01
   4.6966267e-01
   4.6319989e-01
   4.5671673e-01
   4.5071264e-01
   4.4506538e-01
   4.3785846e-01
   4.2618670e-01
   4.1060061e-01
   3.9765466e-01
   3.9388300e-01
   3.9493295e-01
   3.8293501e-01
   3.3997892e-01
   2.6658457e-01
   1.8408730e-01
   1.1654411e-01
   7.2062037e-02
   4.2811332e-02
   1.8908219e-02
  -2.3903110e-03
  -1.9233397e-02
  -3.1454575e-02
  -4.1871475e-02
  -5.3052900e-02
  -6.5099768e-02
  -7.6725638e-02
  -8.7153751e-02
  -9.6654242e-02
  -1.0651355e-01
  -1.1909252e-01
  -1.3667659e-01
  -1.5918419e-01
  -1.8375091e-01
  -2.0728807e-01
  -2.2837875e-01
  -2.4576913e-01
  -2.5627879e-01
  -2.5654383e-01
  -2.4727779e-01
  -2.3458669e-01
  -2.2608518e-01
  -2.2531046e-01
  -2.3017283e-01
  -2.3664581e-01
  -2.4299646e-01
  -2.5056015e-01
  -2.6116156e-01
  -2.7490262e-01
  -2.9031542e-01
  -3.0584036e-01
  -3.2081484e-01
  -3.3535102e-01
  -3.4974446e-01
  -3.6428061e-01
  -3.7896968e-01
  -3.9336312e-01
  -4.0685953e-01
  -4.1935695e-01
  -4.3101850e-01
  -4.4115101e-01
  -4.4789920e-01
  -4.4994813e-01
  -4.4829677e-01
  -4.4536098e-01
  -4.4130390e-01
  -4.3132431e-01
  -4.0751193e-01
  -3.6504515e-01
  -3.0749173e-01
  -2.4621765e-01
  -1.9367953e-01
  -1.5579989e-01
  -1.2928618e-01
  -1.0556554e-01
  -7.7733790e-02
  -4.4827637e-02
  -1.0629948e-02
   2.0952048e-02
   4.9228240e-02
   7.5697096e-02
   1.0033415e-01
   1.1997937e-01
   1.3151859e-01
   1.3664601e-01
   1.4200787e-01
   1.5303741e-01
   1.6781822e-01
   1.7829730e-01
   1.7827691e-01
   1.7032586e-01
   1.6465818e-01
   1.7118212e-01
   1.9288443e-01
   2.2583033e-01
   2.6355708e-01
   3.0026443e-01
   3.3109006e-01
   3.5213996e-01
   3.6203801e-01
   3.6351610e-01
   3.6211957e-01
   3.6231324e-01
   3.6467816e-01
   3.6677807e-01
   3.6626839e-01
   3.6288408e-01
   3.5802170e-01
   3.5341418e-01
   3.5012163e-01
   3.4828677e-01
   3.4700237e-01
   3.4439280e-01
   3.3774652e-01
   3.2443360e-01
   3.0360796e-01
   2.7757335e-01
   2.5135526e-01
   2.2956121e-01
   2.1274167e-01
   1.9654395e-01
   1.7530036e-01
   1.4707412e-01
   1.1503545e-01
   8.3793919e-02
   5.4686946e-02
   2.5170184e-02
  -7.7450400e-03
  -4.4047823e-02
  -8.0651214e-02
  -1.1412821e-01
  -1.4313937e-01
  -1.6824635e-01
  -1.9000981e-01
  -2.0776717e-01
  -2.2080486e-01
  -2.3016264e-01
  -2.3847047e-01
  -2.4740012e-01
  -2.5591182e-01
  -2.6166104e-01
  -2.6401578e-01
  -2.6477012e-01
  -2.6559579e-01
  -2.6569772e-01
  -2.6311873e-01
  -2.5785881e-01
  -2.5190571e-01
  -2.4526964e-01
  -2.3349597e-01
  -2.1145727e-01
  -1.7964286e-01
  -1.4537178e-01
  -1.1746154e-01
  -9.9901941e-02
  -9.1330091e-02
  -8.9140495e-02
  -9.2072191e-02
  -9.8448326e-02
  -1.0426075e-01
  -1.0510682e-01
  -9.9472788e-02
  -8.8847936e-02
  -7.5136444e-02
  -5.8989688e-02
  -4.0807257e-02
  -2.3009128e-02
  -1.1242587e-02
  -1.2498446e-02
  -2.9716555e-02
  -5.6728735e-02
  -7.9611461e-02
  -8.5277098e-02
  -6.9997822e-02
  -4.0409704e-02
  -7.6633890e-03
   1.9227281e-02
   3.6711446e-02
   4.6312853e-02
   5.1621712e-02
   5.4683888e-02
   5.4897952e-02
   5.1697146e-02
   4.7930587e-02
   4.9255763e-02
   5.9204775e-02
   7.5265904e-02
   9.1048747e-02
   1.0248705e-01
   1.1062159e-01
   1.1816490e-01
   1.2552472e-01
   1.3140647e-01
   1.3546354e-01
   1.3858280e-01
   1.4153896e-01
   1.4526984e-01
   1.5148797e-01
   1.6097827e-01
   1.7057051e-01
   1.7348589e-01
   1.6401598e-01
   1.4247678e-01
   1.1507622e-01
   8.9026324e-02
   6.7878559e-02
   5.1593169e-02
   3.9776680e-02
   3.3409718e-02
   3.3144685e-02
   3.6857215e-02
   4.0102877e-02
   3.9432133e-02
   3.4743050e-02
   2.8101882e-02
   2.0881712e-02
   1.2815469e-02
   3.7226220e-03
  -4.6056990e-03
  -8.8529900e-03
  -6.7938700e-03
   4.2072300e-04
   8.6618580e-03
   1.3882745e-02
   1.5346554e-02
   1.6020355e-02
   1.9332275e-02
   2.4931652e-02
   2.7610546e-02
   2.1094759e-02
   3.6714500e-03
  -1.9721673e-02
  -4.1041711e-02
  -5.4761359e-02
  -6.0566647e-02
  -6.1983566e-02
  -6.3437181e-02
  -6.8159903e-02
  -7.7215951e-02
  -8.9187385e-02
  -1.0090602e-01
  -1.0960223e-01
  -1.1472964e-01
  -1.1710476e-01
  -1.1589172e-01
  -1.0794066e-01
  -9.1091562e-02
  -6.7703229e-02
  -4.3405622e-02
  -2.2747151e-02
  -6.4989680e-03
   7.0022290e-03
   1.8862348e-02
   2.8504530e-02
   3.5087596e-02
   3.9355682e-02
   4.3910207e-02
   5.1865340e-02
   6.4966230e-02
   8.2058959e-02
   9.8987570e-02
   1.1064198e-01
   1.1406705e-01
   1.0989784e-01
   1.0055434e-01
   8.7702169e-02
   7.1456533e-02
   5.1681854e-02
   2.9619717e-02
   8.4299530e-03
  -7.7579860e-03
  -1.6150834e-02
  -1.7551443e-02
  -1.6339417e-02
  -1.7616682e-02
  -2.4047862e-02
  -3.5047839e-02
  -4.8218047e-02
  -6.1113027e-02
  -7.2326052e-02
  -8.2130315e-02
  -9.2550273e-02
  -1.0610580e-01
  -1.2331270e-01
  -1.4111083e-01
  -1.5423007e-01
  -1.5898031e-01
  -1.5600376e-01
  -1.4944924e-01
  -1.4383254e-01
  -1.4168167e-01
  -1.4346556e-01
  -1.4852162e-01
  -1.5599357e-01
  -1.6488244e-01
  -1.7401596e-01
  -1.8200779e-01
  -1.8789973e-01
  -1.9147770e-01
  -1.9321062e-01
  -1.9367953e-01
  -1.9352663e-01
  -1.9319023e-01
  -1.9191603e-01
  -1.8729830e-01
  -1.7767549e-01
  -1.6526980e-01
  -1.5414852e-01
  -1.4385292e-01
  -1.2739016e-01
  -9.8584919e-02
  -6.0157880e-02
  -2.2185481e-02
   7.3997810e-03
   2.8931643e-02
   4.7640067e-02
   6.6358686e-02
   8.3468742e-02
   9.7168000e-02
   1.0884790e-01
   1.2121281e-01
   1.3533102e-01
   1.5097829e-01
   1.6825654e-01
   1.8679881e-01
   2.0424016e-01
   2.1738998e-01
   2.2456632e-01
   2.2582014e-01
   2.2167132e-01
   2.1275187e-01
   1.9991805e-01
   1.8344510e-01
   1.6208938e-01
   1.3450534e-01
   1.0199776e-01
   6.9465712e-02
   4.2815408e-02
   2.5338379e-02
   1.6576929e-02
   1.4261949e-02
   1.6435237e-02
   2.1537164e-02
   2.7726754e-02
   3.3291472e-02
   3.7648242e-02
   4.1251702e-02
   4.4501440e-02
   4.7053932e-02
   4.8189507e-02
   4.7465757e-02
   4.4926515e-02
   4.0947930e-02
   3.6136523e-02
   3.1305749e-02
   2.7179354e-02
   2.3910248e-02
   2.0888847e-02
   1.7066225e-02
   1.1492332e-02
   3.7855170e-03
  -5.4733840e-03
  -1.4648289e-02
  -2.1853167e-02
  -2.6385269e-02
  -2.9317985e-02
  -3.2332250e-02
  -3.5979540e-02
  -3.9433153e-02
  -4.1914290e-02
  -4.3718568e-02
  -4.5094712e-02
  -4.4238445e-02
  -3.7663534e-02
  -2.3602399e-02
  -4.8633950e-03
   1.2417916e-02
   2.3017283e-02
   2.5598318e-02
   2.2132474e-02
   1.5604454e-02
   8.9582900e-03
   5.3522830e-03
   7.3289350e-03
   1.4620766e-02
   2.3677832e-02
   3.0604424e-02
   3.4357728e-02
   3.6396460e-02
   3.7722656e-02
   3.7522861e-02
   3.5035608e-02
   3.1679856e-02
   3.0057024e-02
   3.0931641e-02
   3.2511658e-02
   3.3204827e-02
   3.3832756e-02
   3.6069245e-02
   3.9620717e-02
   4.2266990e-02
   4.2559549e-02
   4.1603382e-02
   4.2079427e-02
   4.5796034e-02
   5.1961161e-02
   5.7239436e-02
   5.7613544e-02
   5.1182365e-02
   4.0022345e-02
   2.9300655e-02
   2.3690065e-02
   2.4054998e-02
   2.7635011e-02
   3.1393414e-02
   3.4441318e-02
   3.7019293e-02
   3.8252726e-02
   3.6195647e-02
   2.9945914e-02
   2.0913312e-02
   1.1724747e-02
   4.2262910e-03
  -1.2361850e-03
  -4.9817430e-03
  -7.0646140e-03
  -7.2862240e-03
  -5.6067170e-03
  -2.0772640e-03
   3.5054970e-03
   1.1442383e-02
   2.1414840e-02
   3.2026441e-02
   4.1270049e-02
   4.7668610e-02
   5.1144648e-02
   5.2768497e-02
   5.3586030e-02
   5.3650250e-02
   5.2287358e-02
   4.9288382e-02
   4.5595219e-02
   4.2672696e-02
   4.1359755e-02
   4.1418876e-02
   4.1927542e-02
   4.1869438e-02
   4.0522854e-02
   3.7741006e-02
   3.4098811e-02
   3.0682915e-02
   2.8561614e-02
   2.8309830e-02
   2.9863344e-02
   3.2643156e-02
   3.5750184e-02
   3.8377090e-02
   4.0387279e-02
   4.2364849e-02
   4.4489208e-02
   4.5281256e-02
   4.2371985e-02
   3.5157932e-02
   2.6242558e-02
   1.9497413e-02
   1.6819538e-02
   1.7114135e-02
   1.8041758e-02
   1.8110056e-02
   1.7127387e-02
   1.5286412e-02
   1.2427090e-02
   8.2924400e-03
   3.2783830e-03
  -1.2193660e-03
  -3.3655390e-03
  -2.1562650e-03
   1.4310880e-03
   4.6104900e-03
   4.7203780e-03
   1.4096810e-03
  -3.3331230e-03
  -7.5351530e-03
  -1.1186522e-02
  -1.5454607e-02
  -2.0378145e-02
  -2.4019320e-02
  -2.4061114e-02
  -2.0132478e-02
  -1.4589166e-02
  -1.1016288e-02
  -1.1672760e-02
  -1.5970406e-02
  -2.1266013e-02
  -2.5249695e-02
  -2.7608508e-02
  -2.9440309e-02
  -3.1308806e-02
  -3.2331230e-02
  -3.1343465e-02
  -2.8751218e-02
  -2.6682923e-02
  -2.7079458e-02
  -2.9900041e-02
  -3.3356712e-02
  -3.5649265e-02
  -3.6207879e-02
  -3.5626840e-02
  -3.4927556e-02
  -3.4989738e-02
  -3.6311853e-02
  -3.8908178e-02
  -4.2281262e-02
  -4.5589103e-02
  -4.7946896e-02
  -4.8725693e-02
  -4.7766468e-02
  -4.5580947e-02
  -4.3286356e-02
  -4.1991762e-02
  -4.1916328e-02
  -4.2165054e-02
  -4.1504504e-02
  -3.9341410e-02
  -3.5969347e-02
  -3.2125317e-02
  -2.8545305e-02
  -2.5870489e-02
  -2.4708411e-02
  -2.5554485e-02
  -2.8480065e-02
  -3.2610537e-02
  -3.5946921e-02
  -3.6123272e-02
  -3.1972412e-02
  -2.4580991e-02
  -1.6628917e-02
  -1.0468888e-02
  -6.7377030e-03
  -4.7102860e-03
  -3.6555480e-03
  -3.3829700e-03
  -3.5836830e-03
  -3.4715530e-03
  -2.6789960e-03
  -2.1348580e-03
  -3.3420930e-03
  -6.6897930e-03
  -1.0900080e-02
  -1.4343498e-02
  -1.6600375e-02
  -1.8380188e-02
  -2.0082529e-02
  -2.1152863e-02
  -2.1096798e-02
  -2.0477023e-02
  -2.0310867e-02
  -2.0748175e-02
  -2.0875595e-02
  -1.9736964e-02
  -1.7240536e-02
  -1.4120257e-02
  -1.1437286e-02
  -1.0143914e-02
  -1.0582038e-02
  -1.1901098e-02
  -1.2304766e-02
  -1.0809357e-02
  -9.0260780e-03
  -1.0300693e-02
  -1.6242577e-02
  -2.4499441e-02
  -3.0681895e-02
  -3.2253759e-02
  -2.9910235e-02
  -2.5456626e-02
  -1.9406689e-02
  -1.1388356e-02
  -2.3199750e-03
   5.1965240e-03
   9.2637940e-03
   1.0615677e-02
   1.1375105e-02
   1.2378161e-02
   1.2591208e-02
   1.1006094e-02
   8.3114000e-03
   6.2563590e-03
   5.6495300e-03
   5.4120180e-03
   3.6697170e-03
  -4.7813400e-04
  -6.2613530e-03
  -1.1907214e-02
  -1.5852160e-02
  -1.7681922e-02
  -1.8200779e-02
  -1.8412807e-02
  -1.8224225e-02
  -1.6451547e-02
  -1.2457671e-02
  -7.5806170e-03
  -4.4081460e-03
  -4.3866370e-03
  -6.3618630e-03
  -7.6873440e-03
  -6.7377030e-03
  -4.1459650e-03
  -1.7078460e-03
  -5.7098800e-04
  -6.4944800e-04
  -1.2522910e-03
  -1.7854190e-03
  -2.0842980e-03
  -2.5900050e-03
  -4.1757310e-03
  -7.2411680e-03
  -1.0652374e-02
  -1.1992840e-02
  -9.6138440e-03
  -4.6660460e-03
  -5.3617600e-04
   1.5657500e-04
  -2.3047860e-03
  -5.7776640e-03
  -8.7844880e-03
  -1.1407724e-02
  -1.4132490e-02
  -1.6716582e-02
  -1.8546344e-02
  -1.9671724e-02
  -2.1006074e-02
  -2.3449494e-02
  -2.7029507e-02
  -3.0750193e-02
  -3.2867416e-02
  -3.1349581e-02
  -2.4974466e-02
  -1.4696199e-02
  -3.6777700e-03
   4.5795010e-03
   8.3450390e-03
   7.9681800e-03
   4.6716520e-03
  -4.5096700e-04
  -6.4341360e-03
  -1.2067254e-02
  -1.5925554e-02
  -1.6852158e-02
  -1.4504558e-02
  -9.6101740e-03
  -3.7362820e-03
   1.4256850e-03
   4.9554440e-03
   7.1452460e-03
   9.0628770e-03
   1.1618733e-02
   1.5030551e-02
   1.8964284e-02
   2.2728803e-02
   2.5147758e-02
   2.4755302e-02
   2.0806278e-02
   1.4305782e-02
   7.7028390e-03
   3.1396470e-03
   8.0308700e-04
  -9.7157800e-04
  -3.9028460e-03
  -8.1106870e-03
  -1.2201810e-02
  -1.4785903e-02
  -1.5769591e-02
  -1.6249713e-02
  -1.7246653e-02
  -1.8530034e-02
  -1.8600371e-02
  -1.5801192e-02
  -9.6417750e-03
  -1.2657470e-03
   7.1864280e-03
   1.3633000e-02
   1.6739008e-02
   1.6081517e-02
   1.2057060e-02
   5.7555440e-03
  -1.2945950e-03
  -7.5008000e-03
  -1.1584075e-02
  -1.2795081e-02
  -1.1026482e-02
  -6.9249610e-03
  -1.8976520e-03
   2.2768560e-03
   4.1948950e-03
   3.4248660e-03
   4.9867400e-04
  -3.6086570e-03
  -8.0787810e-03
  -1.2572860e-02
  -1.7117193e-02
  -2.1641139e-02
  -2.5648267e-02
  -2.8461718e-02
  -2.9796067e-02
  -2.9757330e-02
  -2.8236437e-02
  -2.4759380e-02
  -1.9406689e-02
  -1.3664601e-02
  -9.7992670e-03
  -9.0706240e-03
  -1.0597328e-02
  -1.2021383e-02
  -1.1293555e-02
  -7.8556420e-03
  -2.3651330e-03
   4.3131410e-03
   1.1625869e-02
   1.9085589e-02
   2.5937768e-02
   3.1344483e-02
   3.4908186e-02
   3.6905125e-02
   3.7822555e-02
   3.7680864e-02
   3.5888817e-02
   3.1933677e-02
   2.6254789e-02
   2.0343486e-02
   1.5828715e-02
   1.3421992e-02
   1.2703339e-02
   1.2786927e-02
   1.2972451e-02
   1.2733919e-02
   1.1407724e-02
   8.4321950e-03
   4.0833760e-03
  -3.3154900e-04
  -3.3895960e-03
  -4.6184410e-03
  -4.5505520e-03
  -3.8953030e-03
  -2.8574870e-03
  -1.1039730e-03
   1.9590170e-03
   6.9300580e-03
   1.3984682e-02
   2.2194655e-02
   2.9356719e-02
   3.3163032e-02
   3.3028477e-02
   3.0498409e-02
   2.7572829e-02
   2.4886800e-02
   2.1803218e-02
   1.7932686e-02
   1.3933713e-02
   1.0756350e-02
   8.5094630e-03
   6.4026380e-03
   3.8173220e-03
   1.2317000e-03
  -4.2164000e-05
   9.7710300e-04
   4.0163020e-03
   7.6829610e-03
   1.0510682e-02
   1.1987744e-02
   1.2656448e-02
   1.3188557e-02
   1.3412817e-02
   1.2434226e-02
   9.7502350e-03
   6.0629850e-03
   2.8296580e-03
   1.1631980e-03
   1.2497430e-03
   2.5526960e-03
   4.2705320e-03
   5.6842900e-03
   6.4224130e-03
   6.5999870e-03
   6.6226170e-03
   6.7040640e-03
   6.5406600e-03
   5.5104890e-03
   3.1625830e-03
  -5.5940800e-04
  -5.4112020e-03
  -1.0768582e-02
  -1.5359806e-02
  -1.7548385e-02
  -1.6457663e-02
  -1.2861340e-02
  -8.7009000e-03
  -5.6329140e-03
  -4.0771580e-03
  -3.6251710e-03
  -4.0827640e-03
  -5.8025370e-03
  -8.9356600e-03
  -1.2634022e-02
  -1.5314954e-02
  -1.5807308e-02
  -1.4198748e-02
  -1.1535145e-02
  -8.7928470e-03
  -6.2477960e-03
  -3.7607470e-03
  -1.3908230e-03
   4.6453500e-04
   1.4239520e-03
   1.4167150e-03
   6.0748100e-04
  -8.2932600e-04
  -2.7434200e-03
  -4.8254750e-03
  -6.5032490e-03
  -7.1632880e-03
  -6.5772550e-03
  -5.1203770e-03
  -3.4972410e-03
  -2.1712490e-03
  -1.0452580e-03
   2.9493300e-04
   2.0723710e-03
   4.0903080e-03
   5.9350540e-03
   7.2745010e-03
   7.9292400e-03
   7.8491180e-03
   7.2554390e-03
   6.7108940e-03
   6.6370920e-03
   6.6152770e-03
   5.5816400e-03
   3.0748160e-03
   1.4361800e-05
  -2.2280280e-03
  -3.4694120e-03
  -4.9853110e-03
  -7.9561510e-03
  -1.1928620e-02
  -1.5194669e-02
  -1.6583045e-02
  -1.6367959e-02
  -1.5296605e-02
  -1.3399565e-02
  -1.0188461e-02
  -5.5789900e-03
  -1.2563700e-04
   5.2939750e-03
   9.4611430e-03
   1.0738001e-02
   7.8592090e-03
   1.3090700e-03
  -6.3093650e-03
  -1.1813432e-02
  -1.3663581e-02
  -1.2669699e-02
  -1.0645239e-02
  -8.7484020e-03
  -7.2039610e-03
  -5.9366850e-03
  -4.8506530e-03
  -3.5903090e-03
  -1.5665620e-03
   1.5219130e-03
   5.2841890e-03
   8.8838760e-03
   1.1754309e-02
   1.4104967e-02
   1.6666633e-02
   1.9795067e-02
   2.2813410e-02
   2.4442357e-02
   2.4001991e-02
   2.2075389e-02
   1.9840939e-02
   1.7954093e-02
   1.6320049e-02
   1.4774690e-02
   1.3563683e-02
   1.2885805e-02
   1.2327192e-02
   1.1232393e-02
   9.7003880e-03
   8.5934590e-03
   8.3045710e-03
   8.0543160e-03
   6.9517700e-03
   5.3761360e-03
   4.6081460e-03
   5.0680840e-03
   5.4650250e-03
   4.0363830e-03
   4.2197700e-04
  -4.1092680e-03
  -8.2774550e-03
  -1.2093758e-02
  -1.6259906e-02
  -2.0693129e-02
  -2.4176302e-02
  -2.5480071e-02
  -2.4541235e-02
  -2.2502503e-02
  -2.0725749e-02
  -1.9777738e-02
  -1.9233397e-02
  -1.8296599e-02
  -1.6603433e-02
  -1.4519849e-02
  -1.2737997e-02
  -1.1642179e-02
  -1.1065217e-02
  -1.0569806e-02
  -9.9253630e-03
  -9.2744970e-03
  -8.8401450e-03
  -8.5177200e-03
  -7.7837760e-03
  -6.0165020e-03
  -2.9330220e-03
   1.1943910e-03
   5.6169100e-03
   9.3700120e-03
   1.1694166e-02
   1.2555530e-02
   1.2811391e-02
   1.3531064e-02
   1.4958176e-02
   1.6371017e-02
   1.7213013e-02
   1.8032584e-02
   1.9916372e-02
   2.3079465e-02
   2.6419928e-02
   2.8630932e-02
   2.9524916e-02
   3.0015229e-02
   3.0877615e-02
   3.1893923e-02
   3.2239487e-02
   3.1293515e-02
   2.8882715e-02
   2.5175281e-02
   2.0695168e-02
   1.6162047e-02
   1.1833819e-02
   7.1246540e-03
   1.2293550e-03
  -5.8162980e-03
  -1.2899057e-02
  -1.8642165e-02
  -2.2277224e-02
  -2.3728801e-02
  -2.3133491e-02
  -2.0692109e-02
  -1.6991811e-02
  -1.3070310e-02
  -9.7987570e-03
  -7.2623710e-03
  -4.8882680e-03
  -2.1386300e-03
   9.8085400e-04
   3.9170160e-03
   5.9135460e-03
   6.4846960e-03
   5.7286330e-03
   4.1630910e-03
   2.2230330e-03
   6.2943800e-05
  -2.1100880e-03
  -3.8020310e-03
  -4.6132430e-03
  -4.7455560e-03
  -4.8718560e-03
  -5.5011100e-03
  -6.6460620e-03
  -8.1223080e-03
  -9.9215910e-03
  -1.2057060e-02
  -1.4160012e-02
  -1.5599357e-02
  -1.6126369e-02
  -1.6135544e-02
  -1.6157970e-02
  -1.6399559e-02
  -1.6862352e-02
  -1.7491300e-02
  -1.7891911e-02
  -1.7337376e-02
  -1.5545331e-02
  -1.3263990e-02
  -1.1598346e-02
  -1.0778776e-02
  -1.0009970e-02
  -8.6715420e-03
  -7.4163970e-03
  -7.6837770e-03
  -1.0058695e-02
  -1.3395488e-02
  -1.5821579e-02
  -1.6535135e-02
  -1.6410772e-02
  -1.6811383e-02
  -1.7957151e-02
  -1.8620758e-02
  -1.7479068e-02
  -1.4618727e-02
  -1.1528010e-02
  -9.5982480e-03
  -8.7533970e-03
  -7.6999850e-03
  -5.4878580e-03
  -2.5823600e-03
  -3.5361800e-04
   2.0733900e-04
  -8.8750100e-04
  -2.9798100e-03
  -5.3959120e-03
  -7.7531950e-03
  -9.8779620e-03
  -1.1561649e-02
  -1.2469904e-02
  -1.2427090e-02
  -1.1819548e-02
  -1.1478061e-02
  -1.1926582e-02
  -1.2828721e-02
  -1.3385294e-02
  -1.3337384e-02
  -1.3420972e-02
  -1.4696199e-02
  -1.7343492e-02
  -2.0160000e-02
  -2.1364891e-02
  -2.0035638e-02
  -1.6822596e-02
  -1.3263990e-02
  -1.0434230e-02
  -8.3234290e-03
  -6.4776630e-03
  -4.8992770e-03
  -4.0253740e-03
  -3.9188510e-03
  -3.8324080e-03
  -2.8239490e-03
  -8.0823500e-04
   1.1404670e-03
   1.5764490e-03
  -2.8098800e-04
  -4.1436210e-03
  -8.8591060e-03
  -1.2778772e-02
  -1.4267046e-02
  -1.2538201e-02
  -8.4242440e-03
  -4.1715510e-03
  -1.9739000e-03
  -2.3250720e-03
  -3.8136520e-03
  -4.6129370e-03
  -4.0279230e-03
  -2.5048880e-03
  -4.9868400e-04
   2.1319020e-03
   5.4649230e-03
   8.6887700e-03
   1.0521895e-02
   1.0588154e-02
   9.9452400e-03
   9.9843840e-03
   1.1092740e-02
   1.2681932e-02
   1.4231368e-02
   1.5850121e-02
   1.7831769e-02
   1.9891907e-02
   2.0922486e-02
   1.9575904e-02
   1.5315973e-02
   9.0949870e-03
   2.9206870e-03
  -1.4402620e-03
  -3.3782810e-03
  -3.2535100e-03
  -1.7662550e-03
   2.5977500e-04
   1.8904140e-03
   2.4878650e-03
   2.2515760e-03
   2.0886810e-03
   2.7400560e-03
   4.0809300e-03
   5.3707330e-03
   6.0887750e-03
   6.3160930e-03
   6.3815370e-03
   6.5372960e-03
   7.1140530e-03
   8.5526840e-03
   1.0869499e-02
   1.3281319e-02
   1.4783864e-02
   1.5135546e-02
   1.5050938e-02
   1.5335341e-02
   1.5906186e-02
   1.5724739e-02
   1.3740034e-02
   9.9349440e-03
   5.5065130e-03
   1.9593230e-03
  -1.0015800e-04
  -1.3522910e-03
  -3.0071300e-03
  -5.6986630e-03
  -9.0609400e-03
  -1.2182443e-02
  -1.4299666e-02
  -1.5072345e-02
  -1.4423009e-02
  -1.2328212e-02
  -8.8655280e-03
  -4.3618670e-03
   5.8386200e-04
   5.2023340e-03
   8.6720520e-03
   1.0279286e-02
   9.6899910e-03
   7.2279160e-03
   3.9249670e-03
   1.2093760e-03
   3.1894900e-04
   1.6914340e-03
   4.6543230e-03
   7.7024310e-03
   9.3799000e-03
   9.2794920e-03
   8.3221040e-03
   7.9127260e-03
   8.6717460e-03
   1.0049521e-02
   1.1188561e-02
   1.1912311e-02
   1.2681932e-02
   1.3759402e-02
   1.4679889e-02
   1.4569798e-02
   1.2905173e-02
   1.0002834e-02
   6.8127280e-03
   4.2001960e-03
   2.3236450e-03
   7.6271000e-04
  -7.2767400e-04
  -1.7448490e-03
  -1.6654400e-03
  -4.5289400e-04
   1.1539220e-03
   2.2843990e-03
   2.6181400e-03
   2.3454590e-03
   1.6447470e-03
   5.4041700e-04
  -6.8208800e-04
  -1.3315980e-03
  -9.1019200e-04
   2.7162000e-04
   1.3241560e-03
   1.5687020e-03
   9.8115000e-04
  -8.5195500e-06
  -9.3378000e-04
  -1.5383250e-03
  -1.8415870e-03
  -2.1130440e-03
  -2.7342450e-03
  -3.9490240e-03
  -5.6517730e-03
  -7.4073250e-03
  -8.6966190e-03
  -9.1782690e-03
  -8.7911140e-03
  -7.7172120e-03
  -6.2991720e-03
  -4.9143630e-03
  -3.8203800e-03
  -3.0869460e-03
  -2.7073340e-03
  -2.7540210e-03
  -3.3049880e-03
  -4.1215000e-03
  -4.4841910e-03
  -3.6145700e-03
  -1.4464800e-03
   1.0862360e-03
   2.6919420e-03
   2.7104940e-03
   1.5105980e-03
   3.5793000e-05
  -9.8309700e-04
  -1.4853180e-03
  -1.9242570e-03
  -2.6768550e-03
  -3.5051920e-03
  -3.5738970e-03
  -2.1173250e-03
   7.4902000e-04
   3.8454560e-03
   5.6908140e-03
   5.6568690e-03
   4.4836810e-03
   3.6317970e-03
   4.0697170e-03
   5.6318950e-03
   7.4925440e-03
   9.1549260e-03
   1.0853189e-02
   1.2992838e-02
   1.5399561e-02
   1.7335337e-02
   1.8243592e-02
   1.8336355e-02
   1.8311890e-02
   1.8521879e-02
   1.8523918e-02
   1.7508630e-02
   1.5085597e-02
   1.1680914e-02
   8.3308700e-03
   6.0754210e-03
   5.3107950e-03
   5.4871450e-03
   5.5180320e-03
   4.6856170e-03
   3.1966300e-03
   1.8476010e-03
   1.2327190e-03
   1.2925560e-03
   1.4633000e-03
   1.1466850e-03
   1.6117200e-04
  -1.1314960e-03
  -2.2080490e-03
  -2.9807280e-03
  -3.9000940e-03
  -5.3360750e-03
  -6.9853070e-03
  -8.1132360e-03
  -8.4033470e-03
  -8.4173120e-03
  -9.1128260e-03
  -1.0900080e-02
  -1.3196712e-02
  -1.4873569e-02
  -1.5099868e-02
  -1.3826680e-02
  -1.1655430e-02
  -9.3159850e-03
  -7.1745010e-03
  -5.1501430e-03
  -3.1255800e-03
  -1.3933710e-03
  -5.1259800e-04
  -6.5930600e-04
  -1.3407720e-03
  -1.9157960e-03
  -2.2266010e-03
  -2.5291490e-03
  -2.9346530e-03
  -3.1627870e-03
  -2.8474970e-03
  -1.9546340e-03
  -8.8712400e-04
  -2.5232400e-04
  -4.8523900e-04
  -1.5197730e-03
  -2.7164060e-03
  -3.2132450e-03
  -2.5608510e-03
  -1.0934740e-03
   4.3168100e-04
   1.6249710e-03
   2.7870490e-03
   4.4070250e-03
   6.5157870e-03
   8.6409610e-03
   1.0244628e-02
   1.1114147e-02
   1.1504564e-02
   1.2031576e-02
   1.3184479e-02
   1.4717606e-02
   1.5662558e-02
   1.5216076e-02
   1.3641155e-02
   1.2089680e-02
   1.1510680e-02
   1.1809355e-02
   1.2102932e-02
   1.1717612e-02
   1.0835860e-02
   1.0193150e-02
   1.0292538e-02
   1.0933719e-02
   1.1416899e-02
   1.1091721e-02
   9.7727630e-03
   7.7919310e-03
   5.7067160e-03
   3.9284330e-03
   2.5267020e-03
   1.3248700e-03
   1.5850100e-04
  -9.6288300e-04
  -1.9179370e-03
  -2.6224210e-03
  -3.0049890e-03
  -2.7975480e-03
  -1.4794060e-03
   1.3235450e-03
   5.2379100e-03
   9.0443240e-03
   1.1430150e-02
   1.1951046e-02
   1.1149825e-02
   9.7467690e-03
   8.0082410e-03
   5.9962160e-03
   4.0387280e-03
   2.5724720e-03
   1.6672750e-03
   1.0276230e-03
   4.2452500e-04
  -1.3263000e-04
  -6.7413700e-04
  -1.4520870e-03
  -2.6129410e-03
  -3.7444370e-03
  -4.0409700e-03
  -3.1298610e-03
  -1.6658480e-03
  -9.0366800e-04
  -1.5878660e-03
  -3.2759360e-03
  -4.7498380e-03
  -5.0454540e-03
  -4.0586050e-03
  -2.2604440e-03
  -8.7612500e-05
   2.2282320e-03
   4.3740990e-03
   5.8435150e-03
   6.3379080e-03
   6.2234330e-03
   6.3432090e-03
   7.2548270e-03
   8.7511550e-03
   1.0152681e-02
   1.0880712e-02
   1.0721691e-02
   9.8335180e-03
   8.7364760e-03
   8.0182310e-03
   7.7628800e-03
   7.3708310e-03
   6.2338310e-03
   4.5646190e-03
   3.2998910e-03
   3.0979550e-03
   3.5997890e-03
   3.8298600e-03
   3.2020320e-03
   1.8752260e-03
   1.9173300e-04
  -1.7681920e-03
  -3.8767510e-03
  -5.6352590e-03
  -6.5774590e-03
  -6.8270000e-03
  -6.9157860e-03
  -7.1458570e-03
  -7.4304640e-03
  -7.7542150e-03
  -8.5017160e-03
  -1.0132294e-02
  -1.2543298e-02
  -1.4869491e-02
  -1.5986716e-02
  -1.5290489e-02
  -1.3120259e-02
  -1.0537186e-02
  -8.6658340e-03
  -8.0477920e-03
  -8.4533980e-03
  -9.2794920e-03
  -1.0120469e-02
  -1.0910274e-02
  -1.1607520e-02
  -1.1996918e-02
  -1.1973472e-02
  -1.1818529e-02
  -1.1941872e-02
  -1.2428110e-02
  -1.2969393e-02
  -1.3284377e-02
  -1.3415875e-02
  -1.3510676e-02
  -1.3417914e-02
  -1.2720668e-02
  -1.1167154e-02
  -8.9197580e-03
  -6.3188460e-03
  -3.5826640e-03
  -8.7403500e-04
   1.5379170e-03
   3.3966290e-03
   4.6521820e-03
   5.3392350e-03
   5.2921400e-03
   4.2001960e-03
   2.0629930e-03
  -5.0064100e-04
  -2.5640110e-03
  -3.5738970e-03
  -3.6764450e-03
  -3.4030510e-03
  -3.1863340e-03
  -3.1920430e-03
  -3.3686990e-03
  -3.4590140e-03
  -3.1004020e-03
  -2.1723710e-03
  -1.0879690e-03
  -5.7500400e-04
  -1.0478060e-03
  -2.1858260e-03
  -3.1693110e-03
  -3.3325110e-03
  -2.5887820e-03
  -1.3018320e-03
   8.1815300e-05
   1.1932700e-03
   1.6907200e-03
   1.3233410e-03
   2.1656400e-04
  -9.5822400e-04
  -1.3147780e-03
  -4.5258800e-04
   1.1285400e-03
   2.3808310e-03
   2.5459680e-03
   1.7068260e-03
   5.7598300e-04
  -2.2651300e-04
  -7.1210900e-04
  -1.4249720e-03
  -2.8742040e-03
  -5.0210910e-03
  -7.2303630e-03
  -8.7209820e-03
  -9.1692990e-03
  -8.9186360e-03
  -8.5228170e-03
  -8.0478940e-03
  -6.9348490e-03
  -4.6350570e-03
  -1.2644220e-03
   2.4590160e-03
   5.8183370e-03
   8.5473840e-03
   1.0828725e-02
   1.3036671e-02
   1.5446452e-02
   1.7972441e-02
   2.0087625e-02
   2.1102914e-02
   2.0698226e-02
   1.9184467e-02
   1.7085593e-02
   1.4489268e-02
   1.1038714e-02
   6.6925450e-03
   2.2087620e-03
  -1.3929640e-03
  -3.7217050e-03
  -5.1301630e-03
  -6.0113030e-03
  -6.2644120e-03
  -5.5845960e-03
  -4.1139570e-03
  -2.5640110e-03
  -1.6784880e-03
  -1.7616680e-03
  -2.7211980e-03
  -4.2429070e-03
  -5.7594180e-03
  -6.5645130e-03
  -6.3318940e-03
  -5.4800090e-03
  -4.7945880e-03
  -4.6918360e-03
  -4.9656370e-03
  -5.1769520e-03
  -5.0806220e-03
  -4.6307760e-03
  -3.7865370e-03
  -2.5726760e-03
  -1.3493350e-03
  -7.8013100e-04
  -1.3386310e-03
  -2.8756310e-03
  -4.7259840e-03
  -6.1371950e-03
  -6.5531980e-03
  -5.6961150e-03
  -3.6530000e-03
  -9.3645100e-04
   1.6899050e-03
   3.5991770e-03
   4.6066170e-03
   4.9533030e-03
   5.0155860e-03
   4.9972380e-03
   4.8283290e-03
   4.2892880e-03
   3.1883730e-03
   1.4347580e-03
  -9.5133300e-04
  -3.7524900e-03
  -6.4505480e-03
  -8.3585970e-03
  -9.0302570e-03
  -8.5833670e-03
  -7.6093630e-03
  -6.7769490e-03
  -6.4540140e-03
  -6.5135450e-03
  -6.3662460e-03
  -5.3062080e-03
  -3.1076390e-03
  -4.3764400e-04
   1.4269080e-03
   1.5310880e-03
   5.4571800e-05
  -1.7960210e-03
  -2.7394440e-03
  -2.2722690e-03
  -7.1766400e-04
   1.2578980e-03
   3.0246630e-03
   4.1502470e-03
   4.5681870e-03
   4.6830690e-03
   5.0732820e-03
   5.8424960e-03
   6.2842890e-03
   5.4316920e-03
   3.0907180e-03
   2.2558600e-04
  -1.8155930e-03
  -2.4064170e-03
  -1.9514740e-03
  -1.2814450e-03
  -9.1855100e-04
  -8.7939700e-04
  -1.0060120e-03
  -1.3604460e-03
  -2.2425030e-03
  -3.7692070e-03
  -5.4346480e-03
  -6.2235350e-03
  -5.3614570e-03
  -3.0501470e-03
  -4.2691000e-04
   1.2666640e-03
   1.5188550e-03
   6.1824500e-04
  -9.3431000e-04
  -2.8642150e-03
  -4.9513660e-03
  -6.6869390e-03
  -7.3764380e-03
  -6.6270000e-03
  -4.6885740e-03
  -2.3259890e-03
  -3.4137500e-04
   9.3494200e-04
   1.8288440e-03
   2.9799120e-03
   4.7063110e-03
   6.6781720e-03
   8.2158860e-03
   8.8285250e-03
   8.4122160e-03
   7.0698130e-03
   4.9973400e-03
   2.6458660e-03
   7.8181300e-04
   2.7826700e-05
   2.3998900e-04
   5.9094700e-04
   4.8108000e-04
   2.1876600e-04
   5.9788900e-04
   1.9206890e-03
   3.6695140e-03
   5.1092660e-03
   5.9614560e-03
   6.3498340e-03
   6.2641060e-03
   5.4102850e-03
   3.6900030e-03
   1.5930650e-03
  -6.8706300e-05
  -7.2135400e-04
  -2.7365900e-04
   9.5923400e-04
   2.3814430e-03
   3.3357730e-03
   3.4768530e-03
   2.9569770e-03
   2.1467850e-03
   1.2444420e-03
   3.0370000e-04
  -4.0378100e-04
  -3.0209900e-04
   1.0227300e-03
   3.2846010e-03
   5.5577870e-03
   6.9128300e-03
   6.9165000e-03
   5.5940770e-03
   3.2230310e-03
   3.3398500e-04
  -2.3248680e-03
  -4.1451500e-03
  -5.0020290e-03
  -5.1506520e-03
  -4.8394400e-03
  -4.1054960e-03
  -2.8481080e-03
  -9.8061000e-04
   1.4190590e-03
   3.9728770e-03
   6.0505480e-03
   7.1230230e-03
   7.1634920e-03
   6.6763370e-03
   6.2639020e-03
   6.1339330e-03
   6.0186420e-03
   5.5460640e-03
   4.6173200e-03
   3.3738980e-03
   1.8771620e-03
   2.3289500e-06
  -2.2127380e-03
  -4.1837840e-03
  -4.9963200e-03
  -4.1681870e-03
  -2.0893940e-03
   4.3140600e-04
   2.9600350e-03
   5.5853100e-03
   8.3065070e-03
   1.0550438e-02
   1.1556552e-02
   1.1188561e-02
   1.0056045e-02
   8.7491160e-03
   7.2490170e-03
   5.2923440e-03
   3.0413800e-03
   1.0768580e-03
  -1.6016300e-04
  -6.6544200e-04
  -6.6507500e-04
  -3.5598300e-04
   9.2126200e-05
   4.5409700e-04
   5.5440300e-04
   4.8243500e-04
   6.0701200e-04
   1.2846050e-03
   2.5316970e-03
   3.9939780e-03
   5.2275120e-03
   6.0056960e-03
   6.3793960e-03
   6.4931570e-03
   6.3921380e-03
   6.0229240e-03
   5.3994790e-03
   4.7087570e-03
   4.2000940e-03
   3.9376070e-03
   3.6841920e-03
   3.0850090e-03
   1.9962240e-03
   6.1830700e-04
  -7.1186400e-04
  -1.8169180e-03
  -2.6914320e-03
  -3.2505540e-03
  -3.2386280e-03
  -2.5008100e-03
  -1.2630960e-03
  -1.7524900e-05
   8.5758200e-04
   1.3220160e-03
   1.5835850e-03
   1.8697210e-03
   2.2515760e-03
   2.5780780e-03
   2.5313910e-03
   1.8144710e-03
   3.8219100e-04
  -1.4728820e-03
  -3.3118180e-03
  -4.8790930e-03
  -6.2505480e-03
  -7.6394340e-03
  -9.0719490e-03
  -1.0280306e-02
  -1.0919448e-02
  -1.0898041e-02
  -1.0505586e-02
  -1.0209969e-02
  -1.0289480e-02
  -1.0639122e-02
  -1.0933719e-02
  -1.0952068e-02
  -1.0707420e-02
  -1.0314964e-02
  -9.8513560e-03
  -9.4079320e-03
  -9.1739880e-03
  -9.3081360e-03
  -9.7680740e-03
  -1.0351661e-02
  -1.0919448e-02
  -1.1524951e-02
  -1.2289476e-02
  -1.3173266e-02
  -1.3860319e-02
  -1.3864396e-02
  -1.2780810e-02
  -1.0522915e-02
  -7.4353570e-03
  -4.1764440e-03
  -1.3744110e-03
   6.7878600e-04
   2.0245630e-03
   2.7542250e-03
   2.8513700e-03
   2.3847050e-03
   1.7441350e-03
   1.4873570e-03
   1.8714540e-03
   2.5959170e-03
   3.1015230e-03
   3.1363850e-03
   2.9715540e-03
   3.0591170e-03
   3.5720620e-03
   4.3135490e-03
   4.9594190e-03
   5.2806210e-03
   5.1923440e-03
   4.7236400e-03
   3.9663530e-03
   2.9637050e-03
   1.5937790e-03
  -3.3111000e-04
  -2.6919420e-03
  -4.8034560e-03
  -5.7651260e-03
  -5.2732820e-03
  -4.0177290e-03
  -3.1062120e-03
  -3.0695150e-03
  -3.4810330e-03
  -3.5173220e-03
  -2.8074360e-03
  -1.7231360e-03
  -9.1557400e-04
  -6.5554400e-04
  -6.2427000e-04
  -2.8079500e-04
   5.9321000e-04
   1.6663580e-03
   2.3387310e-03
   2.2743070e-03
   1.6854200e-03
   1.0897020e-03
   8.2464700e-04
   8.8700100e-04
   1.2138610e-03
   1.8974480e-03
   2.9840920e-03
   4.2070250e-03
   5.1377060e-03
   5.6016200e-03
   5.8265940e-03
   6.1622710e-03
   6.7456540e-03
   7.4823500e-03
   8.2508500e-03
   8.9825510e-03
   9.5428960e-03
   9.6984510e-03
   9.2924380e-03
   8.3735810e-03
   7.1021260e-03
   5.6430060e-03
   4.2081460e-03
   3.0511660e-03
   2.2891900e-03
   1.8287430e-03
   1.5727800e-03
   1.5908230e-03
   1.9505570e-03
   2.4833790e-03
   2.8963240e-03
   3.1077410e-03
   3.3373020e-03
   3.8276170e-03
   4.5451490e-03
   5.2096740e-03
   5.5938730e-03
   5.7519760e-03
   5.9813340e-03
   6.5944820e-03
   7.6470800e-03
   8.7528880e-03
   9.2211840e-03
   8.6289330e-03
   7.3347460e-03
   6.1717510e-03
   5.4696120e-03
   4.6209900e-03
   2.8433170e-03
   1.7783900e-04
  -2.5113100e-03
  -4.3935690e-03
  -5.2966250e-03
  -5.5766450e-03
  -5.6315890e-03
  -5.5975420e-03
  -5.3546270e-03
  -4.6863310e-03
  -3.4745090e-03
  -1.8636050e-03
  -2.6917400e-04
   8.6315800e-04
   1.3957160e-03
   1.5990790e-03
   1.8929630e-03
   2.5230330e-03
   3.5076380e-03
   4.8112040e-03
   6.4280200e-03
   8.2357630e-03
   9.8228140e-03
   1.0585096e-02
   1.0103140e-02
   8.4696060e-03
   6.2746050e-03
   4.2705320e-03
   2.9911250e-03
   2.5544290e-03
   2.7139600e-03
   3.0830720e-03
   3.3874550e-03
   3.5890860e-03
   3.8122250e-03
   4.1592170e-03
   4.5997870e-03
   5.0329150e-03
   5.4263910e-03
   5.8468790e-03
   6.3378060e-03
   6.7939720e-03
   6.9634930e-03
   6.5430040e-03
   5.2968290e-03
   3.2216040e-03
   7.2975400e-04
  -1.3616690e-03
  -2.2088640e-03
  -1.4953080e-03
   3.1839900e-04
   2.3298630e-03
   3.8215010e-03
   4.5749140e-03
   4.6838850e-03
   4.2784830e-03
   3.5277200e-03
   2.7201780e-03
   2.1016270e-03
   1.6064190e-03
   8.8249600e-04
  -3.4622800e-04
  -1.9821570e-03
  -3.6402580e-03
  -4.9695110e-03
  -5.8049830e-03
  -6.0495290e-03
  -5.5871450e-03
  -4.4181360e-03
  -2.7981600e-03
  -1.1463790e-03
   1.5875600e-04
   8.9018200e-04
   1.0170420e-03
   7.3346400e-04
   3.4671700e-04
   2.1904100e-05
  -3.2016200e-04
  -7.9716500e-04
  -1.3523930e-03
  -1.8271120e-03
  -2.1438290e-03
  -2.2927580e-03
  -2.2064180e-03
  -1.7951030e-03
  -1.1222200e-03
  -4.2858200e-04
   6.6508500e-05
   3.1455600e-04
   3.1201800e-04
  -7.5309700e-05
  -9.4453400e-04
  -1.9759390e-03
  -2.4699240e-03
  -1.9695170e-03
  -7.4460600e-04
   5.0935700e-04
   1.3857260e-03
   2.0281310e-03
   2.7396480e-03
   3.5192590e-03
   4.0700220e-03
   4.1679840e-03
   3.8826630e-03
   3.4369960e-03
   2.9836840e-03
   2.5792000e-03
   2.2485170e-03
   1.9406690e-03
   1.4606490e-03
   5.8065100e-04
  -7.2130300e-04
  -2.1618710e-03
  -3.3239490e-03
  -3.9634990e-03
  -4.1821530e-03
  -4.3176260e-03
  -4.6454540e-03
  -5.1756270e-03
  -5.7463700e-03
  -6.2875510e-03
  -6.8905060e-03
  -7.5433080e-03
  -7.8689950e-03
  -7.2792920e-03
  -5.4873490e-03
  -2.8566710e-03
  -1.7574900e-04
   1.9484160e-03
   3.4537140e-03
   4.6128350e-03
   5.5999890e-03
   6.3785810e-03
   6.9592110e-03
   7.5926450e-03
   8.5717460e-03
   9.8554340e-03
   1.0991823e-02
   1.1455635e-02
   1.1029540e-02
   9.8850970e-03
   8.4661400e-03
   7.2904030e-03
   6.6550330e-03
   6.3596200e-03
   5.8344430e-03
   4.6778700e-03
   2.9694130e-03
   9.6791900e-04
  -1.2934730e-03
  -3.8539170e-03
  -6.3348500e-03
  -7.9054890e-03
  -7.9277110e-03
  -6.5872450e-03
  -4.7331200e-03
  -3.0719610e-03
  -1.6668670e-03
  -2.7472900e-04
   1.0427090e-03
   1.8931660e-03
   2.1081510e-03
   2.0930640e-03
   2.4513710e-03
   3.2857220e-03
   4.0266990e-03
   4.0221120e-03
   3.1940810e-03
   2.0437270e-03
   1.1346560e-03
   7.2474900e-04
   8.5982500e-04
   1.5962250e-03
   2.9311870e-03
   4.5421930e-03
   5.8131380e-03
   6.2684890e-03
   5.9361760e-03
   5.2274110e-03
   4.5423970e-03
   4.0464750e-03
   3.7192590e-03
   3.4982600e-03
   3.4037650e-03
   3.5793000e-03
   4.1533050e-03
   5.0143630e-03
   5.8149730e-03
   6.2802120e-03
   6.4380100e-03
   6.4550330e-03
   6.3294470e-03
   5.8855130e-03
   5.0684910e-03
   4.1411740e-03
   3.5286370e-03
   3.4694120e-03
   3.8063120e-03
   4.0852110e-03
   3.8601350e-03
   2.9928580e-03
   1.7756340e-03
   7.6550300e-04
   3.8328200e-04
   5.6818400e-04
   8.3751100e-04
   7.1184400e-04
   4.4523900e-05
  -1.0448500e-03
  -2.3941850e-03
  -3.8278210e-03
  -5.0488180e-03
  -5.6890810e-03
  -5.5528940e-03
  -4.8003980e-03
  -3.8636010e-03
  -3.1629910e-03
  -2.8677820e-03
  -2.8794030e-03
  -3.0129400e-03
  -3.1688010e-03
  -3.3326130e-03
  -3.4796060e-03
  -3.5875570e-03
  -3.7403590e-03
  -4.0773620e-03
  -4.5418870e-03
  -4.7851080e-03
  -4.4525900e-03
  -3.5397480e-03
  -2.3575900e-03
  -1.1592230e-03
   7.7079400e-05
   1.4229330e-03
   2.6456620e-03
   3.2510640e-03
   2.9487200e-03
   1.9756330e-03
   8.8456500e-04
   7.7267900e-05
  -4.1324100e-04
  -7.9607400e-04
  -1.2933720e-03
  -1.9819530e-03
  -2.7483130e-03
  -3.3841930e-03
  -3.7550380e-03
  -3.8785850e-03
  -3.8676780e-03
  -3.8749160e-03
  -4.0522850e-03
  -4.3844970e-03
  -4.5286350e-03
  -4.0585040e-03
  -3.0084550e-03
  -1.9711480e-03
  -1.4616690e-03
  -1.3442380e-03
  -1.0889890e-03
  -4.5927500e-04
   2.9033600e-04
   8.4483000e-04
   1.2257880e-03
   1.6849100e-03
   2.3312900e-03
   2.9951010e-03
   3.4434180e-03
   3.6105940e-03
   3.5701250e-03
   3.3544280e-03
   2.8738980e-03
   2.0052970e-03
   7.7097700e-04
  -5.2087600e-04
  -1.3573880e-03
  -1.4081520e-03
  -8.8273000e-04
  -3.4701300e-04
  -1.0957200e-04
   2.8422000e-05
   3.1887800e-04
   6.1954000e-04
   6.3718500e-04
   4.5367900e-04
   5.1348500e-04
   1.0763490e-03
   1.8717600e-03
   2.3709430e-03
   2.3067230e-03
   1.8358780e-03
   1.2383260e-03
   5.8951000e-04
  -2.2870500e-04
  -1.3012210e-03
  -2.5583030e-03
  -3.8359760e-03
  -4.9621710e-03
  -5.7892850e-03
  -6.2300590e-03
  -6.3228210e-03
  -6.2220060e-03
  -6.0453500e-03
  -5.7366860e-03
  -5.1702240e-03
  -4.4114080e-03
  -3.7621740e-03
  -3.4700240e-03
  -3.4598300e-03
  -3.4119200e-03
  -3.0290460e-03
  -2.1833800e-03
  -9.3866300e-04
   4.3352600e-04
   1.5189570e-03
   2.0008110e-03
   1.8862350e-03
   1.4602420e-03
   1.0168690e-03
   6.6869400e-04
   3.8992800e-04
   1.5059100e-04
  -6.2373000e-05
  -3.1243600e-04
  -6.8446300e-04
  -1.1476020e-03
  -1.5341460e-03
  -1.7323110e-03
  -1.8532070e-03
  -2.1371010e-03
  -2.6914320e-03
  -3.3327150e-03
  -3.6662520e-03
  -3.3651310e-03
  -2.4806270e-03
  -1.4823620e-03
  -8.3861200e-04
  -5.0268000e-04
   1.1797100e-05
   9.5373900e-04
   1.9537170e-03
   2.5096790e-03
   2.6751220e-03
   2.9826650e-03
   3.7036620e-03
   4.4237420e-03
   4.4808270e-03
   3.7457620e-03
   2.8141640e-03
   2.3731860e-03
   2.4730840e-03
   2.5077420e-03
   1.8937780e-03
   7.0518700e-04
  -3.8549400e-04
  -7.9932600e-04
  -6.7493200e-04
  -7.6469800e-04
  -1.6731870e-03
  -3.2251720e-03
  -4.6563620e-03
  -5.3797040e-03
  -5.3933630e-03
  -4.9575840e-03
  -4.1869440e-03
  -3.1317980e-03
  -2.0005060e-03
  -1.0206910e-03
  -1.9569800e-04
   5.7112000e-04
   1.1775720e-03
   1.3714550e-03
   1.1249720e-03
   8.1222100e-04
   9.2478900e-04
   1.6342470e-03
   2.6682920e-03
   3.5910220e-03
   4.1465770e-03
   4.3239470e-03
   4.1602360e-03
   3.5849060e-03
   2.5126350e-03
   1.0512720e-03
  -4.6884700e-04
  -1.7149810e-03
  -2.5480070e-03
  -2.9582000e-03
  -2.8806260e-03
  -2.2078450e-03
  -1.0372050e-03
   1.8421000e-04
   8.9724600e-04
   8.4507500e-04
   1.9123300e-04
  -7.3853100e-04
  -1.6632990e-03
  -2.2893940e-03
  -2.3294550e-03
  -1.8033600e-03
  -1.1872560e-03
  -1.0292540e-03
  -1.4167150e-03
  -1.9439310e-03
  -2.1706380e-03
  -1.9876620e-03
  -1.5297620e-03
  -8.7626700e-04
   1.0040900e-05
   1.0370010e-03
   1.8153890e-03
   1.8936760e-03
   1.2040750e-03
   2.1512700e-04
  -4.3936700e-04
  -4.8193600e-04
  -9.4906000e-05
   4.5282300e-04
   1.1112110e-03
   1.9004040e-03
   2.6094750e-03
   2.8340410e-03
   2.3331250e-03
   1.2751250e-03
   1.2331300e-04
  -6.7859200e-04
  -9.1869300e-04
  -6.0771500e-04
   1.4489300e-04
   1.2023420e-03
   2.3763460e-03
   3.4098810e-03
   4.0707360e-03
   4.2907150e-03
   4.1751190e-03
   3.8445390e-03
   3.3087600e-03
   2.5425030e-03
   1.6505570e-03
   8.6775600e-04
   3.5174200e-04
   2.1343500e-05
  -3.2468800e-04
  -7.2894900e-04
  -1.0023930e-03
  -9.6653200e-04
  -6.8432100e-04
  -3.7981600e-04
  -1.9221200e-04
  -9.7404500e-05
  -3.2442300e-05
   2.2118200e-05
   1.1665600e-04
   3.7976500e-04
   8.6346400e-04
   1.3657470e-03
   1.5614650e-03
   1.3540240e-03
   9.5425900e-04
   5.4068200e-04
   2.0455600e-05
  -7.3145600e-04
  -1.5436260e-03
  -2.0507600e-03
  -2.0585080e-03
  -1.6348590e-03
  -8.7266900e-04
   2.3187500e-04
   1.5608530e-03
   2.6940820e-03
   3.1913290e-03
   3.0665590e-03
   2.7538170e-03
   2.5283330e-03
   2.2149800e-03
   1.5962250e-03
   8.3232300e-04
   2.3522900e-04
  -1.7390400e-04
  -6.4403500e-04
  -1.3649310e-03
  -2.3516770e-03
  -3.5195650e-03
  -4.6631910e-03
  -5.4490210e-03
  -5.6395400e-03
  -5.3255760e-03
  -4.8279210e-03
  -4.4016220e-03
  -4.1280240e-03
  -4.0250680e-03
  -4.0909190e-03
  -4.1840890e-03
  -3.9936720e-03
  -3.2944890e-03
  -2.2623810e-03
  -1.4203850e-03
  -1.1863380e-03
  -1.5190590e-03
  -2.0496390e-03
  -2.4805250e-03
  -2.7799130e-03
  -3.0542240e-03
  -3.3469860e-03
  -3.5768530e-03
  -3.5971390e-03
  -3.2675770e-03
  -2.4998930e-03
  -1.3220160e-03
   4.6616600e-05
   1.2194670e-03
   1.8739000e-03
   2.0647260e-03
   2.2480080e-03
   2.8278230e-03
   3.6494320e-03
   4.1234370e-03
   3.9273110e-03
   3.3802180e-03
   2.9855190e-03
   2.8007080e-03
   2.4717590e-03
   1.7529020e-03
   7.6588000e-04
  -2.0717600e-04
  -9.8099700e-04
  -1.4827700e-03
  -1.6844000e-03
  -1.6770610e-03
  -1.7798130e-03
  -2.3810350e-03
  -3.5185450e-03
  -4.6532020e-03
  -5.0323040e-03
  -4.3890840e-03
  -3.2274150e-03
  -2.2892920e-03
  -1.7597310e-03
  -1.1905170e-03
  -2.5326100e-04
   7.0248600e-04
   1.0636060e-03
   7.5848000e-04
   3.7034600e-04
   4.5435200e-04
   9.5417800e-04
   1.3870510e-03
   1.4418930e-03
   1.1703340e-03
   6.3298500e-04
  -3.1743100e-04
  -1.7197720e-03
  -3.1827660e-03
  -4.1431110e-03
  -4.4093690e-03
  -4.2959140e-03
  -4.2243550e-03
  -4.2900010e-03
  -4.2232330e-03
  -3.7182390e-03
  -2.7815440e-03
  -1.7626880e-03
  -1.0189680e-03
  -5.7830700e-04
  -2.1256800e-04
   1.8365900e-04
   4.7902000e-04
   6.3262900e-04
   9.1090500e-04
   1.5858280e-03
   2.5387310e-03
   3.3580970e-03
   3.7875560e-03
   3.9381160e-03
   4.0808280e-03
   4.3490230e-03
   4.6584000e-03
   4.8294500e-03
   4.7365860e-03
   4.3718570e-03
   3.8175250e-03
   3.1633980e-03
   2.4276200e-03
   1.5657460e-03
   5.8163000e-04
  -3.8517800e-04
  -1.1317000e-03
  -1.5497420e-03
  -1.6508630e-03
  -1.4593240e-03
  -1.0147890e-03
  -5.0678800e-04
  -2.2359800e-04
  -2.5378100e-04
  -3.6930600e-04
  -3.2598300e-04
  -1.6352700e-04
  -9.9266900e-05
  -2.6865400e-04
  -7.2631900e-04
  -1.5751240e-03
  -2.8609520e-03
  -4.3323050e-03
  -5.4908150e-03
  -5.9881630e-03
  -5.8988670e-03
  -5.5034550e-03
  -4.8855150e-03
  -3.9504510e-03
  -2.8426040e-03
  -2.0383240e-03
  -1.8204860e-03
  -1.8514740e-03
  -1.5322090e-03
  -7.3312800e-04
   3.5207900e-05
   2.0489300e-04
  -2.2577900e-04
  -7.0939700e-04
  -7.2206800e-04
  -2.3859300e-04
   3.3798100e-04
   6.0645100e-04
   4.7010100e-04
   7.6178200e-05
  -4.4417900e-04
  -1.1283360e-03
  -2.0842980e-03
  -3.2678830e-03
  -4.3786860e-03
  -4.9981550e-03
  -4.8419880e-03
  -3.8999920e-03
  -2.3966310e-03
  -6.8871400e-04
   8.3320900e-04
   1.8945940e-03
   2.4691080e-03
   2.6999950e-03
   2.6776710e-03
   2.4222170e-03
   2.0996900e-03
   2.0211990e-03
   2.2628900e-03
   2.4558560e-03
   2.1732880e-03
   1.4575910e-03
   8.0122200e-04
   6.5210900e-04
   1.0765520e-03
   1.8707400e-03
   2.8101880e-03
   3.6909200e-03
   4.2566680e-03
   4.3204810e-03
   4.0201760e-03
   3.7851100e-03
   3.9071280e-03
   4.2124280e-03
   4.2571780e-03
   3.7846000e-03
   2.9101880e-03
   1.9259900e-03
   1.0274190e-03
   2.1895000e-04
  -5.8379100e-04
  -1.3772650e-03
  -1.9987730e-03
  -2.2837870e-03
  -2.3005050e-03
  -2.3329210e-03
  -2.5676810e-03
  -2.8801170e-03
  -3.0050910e-03
  -2.8454580e-03
  -2.5337360e-03
  -2.2493330e-03
  -2.0579980e-03
  -1.8897010e-03
  -1.6051960e-03
  -1.1122300e-03
  -4.7855200e-04
   8.2253700e-05
   3.8749200e-04
   4.3188500e-04
   3.3101900e-04
   1.6216100e-04
  -7.0367900e-05
  -3.1465800e-04
  -3.9284300e-04
  -1.1898000e-04
   4.8241500e-04
   1.1145750e-03
   1.4217100e-03
   1.2947990e-03
   9.6402500e-04
   7.8175200e-04
   9.0949900e-04
   1.2183460e-03
   1.4586110e-03
   1.4614650e-03
   1.1830760e-03
   6.6067100e-04
   3.1808300e-05
  -4.2436200e-04
  -3.8262900e-04
   2.9211000e-04
   1.3633000e-03
   2.2970390e-03
   2.5864370e-03
   2.1009130e-03
   1.1993860e-03
   5.0467800e-04
   4.7700200e-04
   1.0824650e-03
   1.8181410e-03
   2.1040730e-03
   1.7363880e-03
   1.0034030e-03
   3.6794000e-04
   4.6895900e-05
  -1.0170600e-04
  -3.2256800e-04
  -6.5292400e-04
  -8.9507500e-04
  -8.8853000e-04
  -7.6452400e-04
  -8.7045700e-04
  -1.4032590e-03
  -2.1311880e-03
  -2.5359790e-03
  -2.2682930e-03
  -1.4419950e-03
  -4.7127300e-04
   3.2388300e-04
   9.1425900e-04
   1.4325150e-03
   1.9447460e-03
   2.3805250e-03
   2.6466820e-03
   2.7510650e-03
   2.7782820e-03
   2.7538170e-03
   2.5750200e-03
   2.1244610e-03
   1.4649310e-03
   8.8484000e-04
   7.2491200e-04
   1.1459710e-03
   2.0069280e-03
   2.8813400e-03
   3.2294530e-03
   2.7404630e-03
   1.6223210e-03
   4.6916300e-04
  -2.4773700e-04
  -4.9136500e-04
  -4.3498400e-04
  -1.1456700e-04
   5.2841900e-04
   1.3610570e-03
   2.0335330e-03
   2.2841950e-03
   2.1616670e-03
   1.8716580e-03
   1.4659500e-03
   7.8481000e-04
  -2.8002000e-04
  -1.5658480e-03
  -2.7338370e-03
  -3.5247640e-03
  -3.8761390e-03
  -3.8580960e-03
  -3.5746110e-03
  -3.1003000e-03
  -2.4526960e-03
  -1.6328200e-03
  -7.4101800e-04
  -3.9538100e-05
   1.7170200e-04
  -2.0392400e-04
  -9.4126200e-04
  -1.6409750e-03
  -2.0173250e-03
  -2.0510660e-03
  -1.8850120e-03
  -1.6241560e-03
  -1.2649310e-03
  -7.7607400e-04
  -1.9051900e-04
   3.9647200e-04
   8.7735800e-04
   1.1520870e-03
   1.1356760e-03
   8.2063000e-04
   3.3389300e-04
  -1.3359800e-04
  -4.7577900e-04
  -6.9673700e-04
  -8.1268900e-04
  -8.6601300e-04
  -1.0506600e-03
  -1.6139620e-03
  -2.5040720e-03
  -3.2795040e-03
  -3.5372000e-03
  -3.3236430e-03
  -2.9828690e-03
  -2.7198720e-03
  -2.5013200e-03
  -2.3167130e-03
  -2.3000970e-03
  -2.4947960e-03
  -2.6245620e-03
  -2.2690070e-03
  -1.2903130e-03
   9.8674600e-06
   1.1820570e-03
   1.9727790e-03
   2.3773650e-03
   2.5325130e-03
   2.6429100e-03
   2.8484140e-03
   3.0287400e-03
   2.8727770e-03
   2.2787930e-03
   1.5615670e-03
   1.1047890e-03
   9.1549300e-04
   6.9840800e-04
   3.0362800e-04
  -1.1172300e-04
  -4.1166100e-04
  -7.8223100e-04
  -1.5129430e-03
  -2.5127370e-03
  -3.2639080e-03
  -3.3468840e-03
  -2.8474970e-03
  -2.1404650e-03
  -1.4400580e-03
  -7.2913200e-04
  -1.4148800e-05
   5.3764400e-04
   7.0410700e-04
   3.7341400e-04
  -3.3842900e-04
  -1.0567770e-03
  -1.3286420e-03
  -9.9206700e-04
  -3.7690000e-04
  -2.9640100e-05
  -1.8792000e-04
  -5.7163000e-04
  -7.3341300e-04
  -5.7549300e-04
  -4.3893900e-04
  -6.7988700e-04
  -1.2607520e-03
  -1.8131460e-03
  -1.3286420e-03
  -9.9206700e-04
  -3.7690000e-04
  -2.9640100e-05
  -1.8792000e-04
  -5.7163000e-04
  -7.3341300e-04
  -5.7549300e-04
  -4.3893900e-04
  -6.7988700e-04
  -1.2607520e-03
  -1.8131460e-03
  -2.0238490e-03
  -1.8914340e-03
  -1.6619740e-03
  -1.5799150e-03
  -1.6765510e-03
  -1.7629930e-03
  -1.6623820e-03
  -1.4537180e-03
  -1.4003030e-03
  -1.5961230e-03
  -1.8026470e-03
  -1.7415870e-03
  -1.4668680e-03
  -1.3104970e-03
  -1.4787940e-03
  -1.8085590e-03
  -1.9577940e-03
  -1.7830750e-03
  -1.4643190e-03
  -1.2657470e-03
  -1.2313940e-03
  -1.1554510e-03
  -8.3030400e-04
  -2.8352600e-04
   2.4268000e-04
   5.2352600e-04
   5.4124300e-04
   4.6714500e-04
   5.2000900e-04
   8.6975400e-04
   1.6095790e-03
   2.6985670e-03
   3.8702270e-03
   4.6788900e-03
   4.7905100e-03
   4.3005010e-03
   3.6890850e-03
   3.3937750e-03
   3.4606450e-03
   3.6274140e-03
   3.6346510e-03
   3.3869450e-03
   2.9147750e-03
   2.3126360e-03
   1.6967350e-03
   1.1381220e-03
   6.2945800e-04
   1.5842000e-04
  -2.1289500e-04
  -3.8821500e-04
  -3.4837900e-04
  -1.8695200e-04
  -4.1215000e-05
  -6.8502400e-06
  -1.0118800e-04
  -2.7209900e-04
  -4.2936700e-04
  -4.7889800e-04
  -3.4302700e-04
   1.6854200e-05
   5.4744000e-04
   1.0647280e-03
   1.3357770e-03
   1.2716590e-03
   1.0344530e-03
   8.8873400e-04
   9.2711300e-04
   9.8880500e-04
   8.9361700e-04
   7.0439200e-04
   6.4906100e-04
   7.8659400e-04
   8.9556400e-04
   7.5348500e-04
   3.8829700e-04
  -3.1878600e-05
  -4.1363800e-04
  -7.2310800e-04
  -8.8938700e-04
  -8.8878500e-04
  -8.5624700e-04
  -9.5241400e-04
  -1.1287440e-03
  -1.1490290e-03
  -8.7372900e-04
  -4.3925500e-04
  -9.8012000e-05
   6.9802100e-05
   1.9947000e-04
   4.0795000e-04
   6.2667600e-04
   7.1048800e-04
   6.2090600e-04
   4.3841900e-04
   2.6620700e-04
   1.8426100e-04
   2.2899000e-04
   3.5263900e-04
   4.6497400e-04
   5.7063100e-04
   7.8854100e-04
   1.1670720e-03
   1.5609550e-03
   1.7792010e-03
   1.7941860e-03
   1.7305780e-03
   1.6973460e-03
   1.6992830e-03
   1.6627900e-03
   1.4897010e-03
   1.1414860e-03
   7.3869400e-04
   5.2582000e-04
   6.5865300e-04
   1.0539220e-03
   1.5043800e-03
   1.9000980e-03
   2.2634000e-03
   2.5862330e-03
   2.7390360e-03
   2.6031550e-03
   2.2619730e-03
   1.9836860e-03
   1.9888850e-03
   2.2588130e-03
   2.5670690e-03
   2.6389350e-03
   2.3061120e-03
   1.6275200e-03
   8.9581900e-04
   4.0287400e-04
   1.3235400e-04
  -1.9394500e-04
  -6.8937700e-04
  -1.0747180e-03
  -1.0002830e-03
  -4.6482100e-04
   2.3108000e-04
   8.4614500e-04
   1.3599360e-03
   1.8344510e-03
   2.2711470e-03
   2.6281290e-03
   2.9032560e-03
   3.1583020e-03
   3.4544270e-03
   3.7458640e-03
   3.8647220e-03
   3.6942840e-03
   3.3533060e-03
   3.0758350e-03
   2.8709420e-03
   2.4827680e-03
   1.8100880e-03
   1.1956140e-03
   1.0851150e-03
   1.4640130e-03
   1.8425040e-03
   1.8279270e-03
   1.5396500e-03
   1.3385290e-03
   1.2717610e-03
   1.0406710e-03
   5.3231300e-04
   9.2623700e-05
   1.1392400e-04
   5.7021300e-04
   1.1408740e-03
   1.6055010e-03
   1.9242570e-03
   2.0940830e-03
   2.1436250e-03
   2.1771620e-03
   2.2478040e-03
   2.2664580e-03
   2.1780790e-03
   2.1323100e-03
   2.3025440e-03
   2.5736950e-03
   2.5718600e-03
   2.0417900e-03
   1.1079490e-03
   1.2744100e-04
  -6.5771500e-04
  -1.2559610e-03
  -1.7513730e-03
  -2.1000980e-03
  -2.1518820e-03
  -1.8295580e-03
  -1.2541260e-03
  -7.2779700e-04
  -5.7853100e-04
  -9.1864200e-04
  -1.5121270e-03
  -1.9716580e-03
  -2.1483140e-03
  -2.2334310e-03
  -2.4230330e-03
  -2.6313910e-03
  -2.6802190e-03
  -2.6527980e-03
  -2.8272120e-03
  -3.2195650e-03
  -3.3856200e-03
  -2.8656410e-03
  -1.7810360e-03
  -7.7480000e-04
  -2.9032600e-04
  -1.2436300e-04
   1.6993800e-04
   6.3832700e-04
   9.1760300e-04
   7.8455500e-04
   4.7145700e-04
   3.7356700e-04
   5.7823500e-04
   8.0029400e-04
   7.4568700e-04
   4.1773600e-04
   4.6190500e-05
  -1.7102900e-04
  -2.0042800e-04
  -1.5773700e-04
  -2.6402600e-04
  -7.5407600e-04
  -1.7027490e-03
  -2.9161000e-03
  -4.0400530e-03
  -4.7877580e-03
  -5.0651270e-03
  -4.9340370e-03
  -4.5257810e-03
  -3.9921430e-03
  -3.4636020e-03
  -2.9876600e-03
  -2.5017280e-03
  -1.9040740e-03
  -1.1710480e-03
  -3.8569700e-04
   3.3186500e-04
   8.7332100e-04
   1.1265010e-03
   1.0072970e-03
   5.5936700e-04
  -4.5936700e-05
  -6.7200700e-04
  -1.3255830e-03
  -2.0489260e-03
  -2.7774660e-03
  -3.3945910e-03
  -3.8870460e-03
  -4.3221120e-03
  -4.6457600e-03
  -4.6105920e-03
  -4.0257820e-03
  -3.0697190e-03
  -2.2245620e-03
  -1.8360820e-03
  -1.8195680e-03
  -1.8445430e-03
  -1.7031570e-03
  -1.4160010e-03
  -1.0906200e-03
  -8.2260800e-04
  -7.1442300e-04
  -8.8403500e-04
  -1.4088660e-03
  -2.2594250e-03
  -3.2566700e-03
  -4.0948950e-03
  -4.5045780e-03
  -4.4800110e-03
  -4.3042730e-03
  -4.2593190e-03
  -4.3144660e-03
  -4.1748130e-03
  -3.6608490e-03
  -2.9730830e-03
  -2.5056020e-03
  -2.4207900e-03
  -2.5023400e-03
  -2.4462740e-03
  -2.1865400e-03
  -1.8883750e-03
  -1.7412810e-03
  -1.8407710e-03
  -2.1530030e-03
  -2.4705350e-03
  -2.4874570e-03
  -2.0875600e-03
  -1.5534120e-03
  -1.3303750e-03
  -1.4989780e-03
  -1.6015260e-03
  -1.1561650e-03
  -3.0600300e-04
   2.8155900e-04
   2.1795100e-04
  -1.7519800e-04
  -3.9472900e-04
  -4.3679800e-04
  -6.5588000e-04
  -1.1004060e-03
  -1.3408740e-03
  -1.0181430e-03
  -3.1876600e-04
   2.7208900e-04
   5.7420900e-04
   8.2324000e-04
   1.1864400e-03
   1.4710470e-03
   1.4466840e-03
   1.1983670e-03
   9.5826500e-04
   7.8786800e-04
   6.3355600e-04
   5.2134500e-04
   4.6919400e-04
   3.3174200e-04
  -4.2981600e-05
  -5.5805200e-04
  -9.4490100e-04
  -1.0670720e-03
  -1.0220160e-03
  -9.6732700e-04
  -9.6380000e-04
  -9.9446300e-04
  -1.0317000e-03
  -1.0354720e-03
  -9.5089500e-04
  -7.7569700e-04
  -5.8587000e-04
  -4.0072300e-04
  -6.6828600e-05
   5.5971300e-04
   1.3141670e-03
   1.8246650e-03
   1.9752250e-03
   2.0119230e-03
   2.0663570e-03
   1.8812400e-03
   1.2448500e-03
   4.3234400e-04
  -9.9848900e-05
  -3.0173200e-04
  -5.0335300e-04
  -8.6213900e-04
  -1.1237490e-03
  -1.0148600e-03
  -7.0525900e-04
  -7.2065100e-04
  -1.4042790e-03
  -2.5653360e-03
  -3.6688000e-03
  -4.2775650e-03
  -4.2899000e-03
  -3.8841920e-03
  -3.3512670e-03
  -2.9327160e-03
  -2.7044800e-03
  -2.5886800e-03
  -2.5009120e-03
  -2.4669680e-03
  -2.5693120e-03
  -2.8141640e-03
  -3.0908200e-03
  -3.2388310e-03
  -3.1311860e-03
  -2.7295560e-03
  -2.1293540e-03
  -1.5461740e-03
  -1.1871540e-03
  -1.0831780e-03
  -1.0603440e-03
  -9.3013100e-04
  -7.1257800e-04
  -6.1876500e-04
  -7.8069200e-04
  -1.0616700e-03
  -1.1996920e-03
  -1.1072350e-03
  -9.5045700e-04
  -9.2963100e-04
  -1.0664610e-03
  -1.2656450e-03
  -1.4988760e-03
  -1.7697210e-03
  -1.9220150e-03
  -1.7195680e-03
  -1.2269090e-03
  -9.0090500e-04
  -1.1033620e-03
  -1.6402620e-03
  -1.9804240e-03
  -1.8730850e-03
  -1.5812400e-03
  -1.5130450e-03
  -1.7621780e-03
  -2.0717590e-03
  -2.1778750e-03
  -2.0929620e-03
  -2.0347560e-03
  -2.1391390e-03
  -2.2888840e-03
  -2.2251740e-03
  -1.8224220e-03
  -1.2561650e-03
  -8.7896900e-04
  -8.9507500e-04
  -1.1725770e-03
  -1.4255830e-03
  -1.5461740e-03
  -1.6324130e-03
  -1.7057050e-03
  -1.6192630e-03
  -1.3516790e-03
  -1.1789990e-03
  -1.3593240e-03
  -1.7677840e-03
  -2.0453580e-03
  -2.0436250e-03
  -1.9480080e-03
  -1.9695170e-03
  -2.0783850e-03
  -2.1086600e-03
  -2.0187520e-03
  -1.9078450e-03
  -1.7881720e-03
  -1.5014240e-03
  -9.4789800e-04
  -3.0496400e-04
   8.1176200e-05
  -1.9666600e-05
  -5.8486100e-04
  -1.4004050e-03
  -2.1755310e-03
  -2.6605450e-03
  -2.7622780e-03
  -2.5704330e-03
  -2.2582010e-03
  -1.9808320e-03
  -1.8549400e-03
  -1.9178350e-03
  -2.0456640e-03
  -2.0065200e-03
  -1.7042780e-03
  -1.3244620e-03
  -1.1531070e-03
  -1.2806290e-03
  -1.5457670e-03
  -1.7402620e-03
  -1.7958170e-03
  -1.7745120e-03
  -1.7316990e-03
  -1.6276220e-03
  -1.3858280e-03
  -1.0373070e-03
  -7.6320900e-04
  -7.2860200e-04
  -8.7373900e-04
  -9.6670600e-04
  -9.0691000e-04
  -8.7972300e-04
  -1.1311900e-03
  -1.6664590e-03
  -2.2673760e-03
  -2.7558560e-03
  -3.1381180e-03
  -3.4968330e-03
  -3.8410730e-03
  -4.1167100e-03
  -4.3263930e-03
  -4.5641090e-03
  -4.9033540e-03
  -5.2922420e-03
  -5.5935670e-03
  -5.7195600e-03
  -5.7093670e-03
  -5.6875520e-03
  -5.7630870e-03
  -5.9447380e-03
  -6.1095700e-03
  -6.0381120e-03
  -5.5403560e-03
  -4.6253730e-03
  -3.5635000e-03
  -2.7184450e-03
  -2.2597300e-03
  -2.0560610e-03
  -1.8724730e-03
  -1.6263980e-03
  -1.4051960e-03
  -1.2785910e-03
  -1.1767560e-03
  -9.6955000e-04
  -6.0767500e-04
  -1.3859300e-04
   3.7436200e-04
   8.5307700e-04
   1.1175310e-03
   9.2720500e-04
   2.2553500e-04
  -6.9270000e-04
  -1.3719650e-03
  -1.5935750e-03
  -1.5432180e-03
  -1.5484170e-03
  -1.6791000e-03
  -1.6784880e-03
  -1.3217100e-03
  -7.6462600e-04
  -4.2642100e-04
  -5.1250700e-04
  -7.6729700e-04
  -8.1268900e-04
  -6.6728700e-04
  -7.2494200e-04
  -1.1792030e-03
  -1.7133500e-03
  -1.9172230e-03
  -1.8148790e-03
  -1.7578970e-03
  -1.9048890e-03
  -2.0395470e-03
  -1.8997920e-03
  -1.5124330e-03
  -1.1260940e-03
  -9.0055900e-04
  -7.7099700e-04
  -6.0651300e-04
  -3.9901000e-04
  -2.4621800e-04
  -2.1615700e-04
  -2.9429100e-04
  -4.3117100e-04
  -5.7317900e-04
  -6.4485100e-04
  -5.5459600e-04
  -2.5778700e-04
   1.7957200e-04
   5.9412700e-04
   8.3096700e-04
   8.7304600e-04
   8.7238400e-04
   1.0199780e-03
   1.3541260e-03
   1.7034620e-03
   1.8308830e-03
   1.6136560e-03
   1.0827710e-03
   3.5081500e-04
  -4.2380100e-04
  -1.0129440e-03
  -1.1657470e-03
  -7.9513600e-04
  -1.3323100e-04
   3.9581000e-04
   5.5118100e-04
   5.0772600e-04
   6.4283300e-04
   1.0862360e-03
   1.5539210e-03
   1.6815460e-03
   1.4852160e-03
   1.3825660e-03
   1.7273160e-03
   2.4303720e-03
   3.1124300e-03
   3.5399520e-03
   3.7866390e-03
   4.0017250e-03
   4.1580960e-03
   4.1094720e-03
   3.8296560e-03
   3.4830710e-03
   3.2403610e-03
   3.1207890e-03
   3.0478020e-03
   2.9553460e-03
   2.7761410e-03
   2.4283340e-03
   1.9278250e-03
   1.4579990e-03
   1.2138610e-03
   1.1799160e-03
   1.1456650e-03
   9.5766400e-04
   6.9632900e-04
   5.6580900e-04
   6.4381100e-04
   8.1117100e-04
   9.3411600e-04
   1.0384280e-03
   1.2429130e-03
   1.5653380e-03
   1.8756330e-03
   2.0552460e-03
   2.1508620e-03
   2.3150820e-03
   2.5868450e-03
   5.6580900e-04
   6.4381100e-04
   8.1117100e-04
   9.3411600e-04
   1.0384280e-03
   1.2429130e-03
   1.5653380e-03
   1.8756330e-03
   2.0552460e-03
   2.1508620e-03
   2.3150820e-03
   2.5868450e-03
   2.7847040e-03
   2.6726760e-03
   2.2341440e-03
   1.7120250e-03
   1.3142690e-03
   8.9696000e-04
   5.3930600e-05
  -1.3996910e-03
  -3.0786890e-03
  -4.2354660e-03
  -4.3196650e-03
  -3.3332250e-03
  -1.7246650e-03
  -5.2141600e-05
   1.2358790e-03
   1.8415870e-03
   1.6620760e-03
   9.0202700e-04
   5.0841900e-05
  -4.0996900e-04
  -3.4220100e-04
   1.2064200e-05
   3.1868400e-04
   4.3237400e-04
   3.8497400e-04
   1.9379200e-04
  -1.7207900e-04
  -6.1921400e-04
  -8.7936600e-04
  -7.5300600e-04
  -3.3322100e-04
   1.1993900e-04
   4.9199700e-04
   9.0379000e-04
   1.5075400e-03
   2.3003010e-03
   3.1824610e-03
   4.1155880e-03
   5.0994800e-03
   6.0052890e-03
   6.5736870e-03
   6.6498340e-03
   6.3390290e-03
   5.8779700e-03
   5.4555450e-03
   5.2004990e-03
   5.1863300e-03
   5.3289390e-03
   5.4036590e-03
   5.2943830e-03
   5.1400510e-03
   5.1158920e-03
   5.1690010e-03
   5.1205810e-03
   4.9688990e-03
   4.9130380e-03
   5.0337310e-03
   5.0840880e-03
   4.7183390e-03
   3.9084530e-03
   3.0205850e-03
   2.4545310e-03
   2.3081500e-03
   2.4235430e-03
   2.6092710e-03
   2.7315950e-03
   2.7165080e-03
   2.6133490e-03
   2.5993830e-03
   2.8018290e-03
   3.1390360e-03
   3.4195650e-03
   3.5673730e-03
   3.6572810e-03
   3.7393400e-03
   3.7366900e-03
   3.5851100e-03
   3.4288410e-03
   3.5603390e-03
   4.1044770e-03
   4.8091650e-03
   5.2297550e-03
   5.1326100e-03
   4.6836810e-03
   4.2322040e-03
   3.9458640e-03
   3.7023370e-03
   3.3336320e-03
   2.8930630e-03
   2.6123290e-03
   2.6178340e-03
   2.7702290e-03
   2.8199740e-03
   2.6767530e-03
   2.4482110e-03
   2.2346540e-03
   1.9983650e-03
   1.6770610e-03
   1.3101910e-03
   9.7169000e-04
   6.7976400e-04
   4.9441300e-04
   6.4315900e-04
   1.3722700e-03
   2.6133490e-03
   3.8964240e-03
   4.7224170e-03
   5.0144650e-03
   5.1001940e-03
   5.2386240e-03
   5.3259830e-03
   5.1475940e-03
   4.7474930e-03
   4.3770550e-03
   4.1561590e-03
   3.9636010e-03
   3.6645190e-03
   3.3133470e-03
   3.0542240e-03
   2.8846020e-03
   2.6312890e-03
   2.1846030e-03
   1.6747160e-03
   1.3453590e-03
   1.2795080e-03
   1.3196710e-03
   1.2689070e-03
   1.1093760e-03
   9.7059900e-04
   9.2138500e-04
   8.9250600e-04
   8.1324000e-04
   7.2658400e-04
   7.1357700e-04
   7.6802100e-04
   8.0741900e-04
   7.7930500e-04
   7.0393300e-04
   6.2017200e-04
   5.2708400e-04
   3.8991800e-04
   1.8847100e-04
  -5.4482100e-05
  -2.9086600e-04
  -4.8591100e-04
  -6.3878600e-04
  -7.6999800e-04
  -8.9411600e-04
  -1.0122710e-03
  -1.1239530e-03
  -1.2355730e-03
  -1.3540240e-03
  -1.4783860e-03
  -1.6016280e-03
  -1.7192630e-03
  -1.8319030e-03
  -1.9420960e-03
  -2.0502510e-03
  -2.1549400e-03
  -2.2549390e-03
  -2.3504540e-03
  -2.4422990e-03
  -2.5307800e-03
  -2.6158970e-03
  -2.6976500e-03
  -2.7761410e-03
  -2.8513700e-03
  -2.9232360e-03
  -2.9918390e-03
  -3.0573840e-03
  -3.1199730e-03
  -3.1795040e-03
  -3.2364870e-03
  -3.2906150e-03
  -3.3422970e-03
  -3.3913290e-03
  -3.4379140e-03
  -3.4821540e-03
  -3.5240500e-03
  -3.5638050e-03
  -3.6012160e-03
  -3.6364860e-03
  -3.6696150e-03
  -3.7006040e-03
  -3.7295540e-03
  -3.7565670e-03
