   3.3923500e-04
   6.4290400e-04
   5.4970300e-04
   5.9778700e-04
   5.9225200e-04
   6.1841900e-04
   6.2526900e-04
   6.5588000e-04
   6.6630900e-04
   6.9679800e-04
   7.0727700e-04
   7.3246500e-04
   7.4014100e-04
   7.6248600e-04
   7.7606400e-04
   8.1351500e-04
   8.5451400e-04
   9.1777600e-04
   9.6967200e-04
   1.0134940e-03
   1.0037590e-03
   9.3290300e-04
   7.6637000e-04
   5.4089600e-04
   2.9274200e-04
   7.3860200e-05
  -1.2668700e-04
  -2.8278200e-04
  -4.0939800e-04
  -5.0231300e-04
  -5.7999900e-04
  -6.3784800e-04
  -6.9771500e-04
  -7.4880600e-04
  -8.1418800e-04
  -8.8195500e-04
  -9.4106800e-04
  -9.6283200e-04
  -9.7215900e-04
  -1.0052580e-03
  -1.1320060e-03
  -1.3281320e-03
  -1.5334320e-03
  -1.7046860e-03
  -1.8815460e-03
  -2.0852150e-03
  -2.3126360e-03
  -2.4957140e-03
  -2.5956120e-03
  -2.6166100e-03
  -2.6164070e-03
  -2.6104940e-03
  -2.6122270e-03
  -2.6060090e-03
  -2.6012180e-03
  -2.6066210e-03
  -2.6555500e-03
  -2.7376090e-03
  -2.8441330e-03
  -2.9658450e-03
  -3.1192600e-03
  -3.2873530e-03
  -3.4560580e-03
  -3.5972400e-03
  -3.7190550e-03
  -3.8206860e-03
  -3.1192600e-03
  -3.9238450e-03
  -3.8753240e-03
  -3.7752220e-03
  -3.6764450e-03
  -3.5933670e-03
  -3.5202780e-03
  -3.4291470e-03
  -3.3374040e-03
  -3.2635000e-03
  -3.2317980e-03
  -3.2207890e-03
  -3.2096780e-03
  -3.1837860e-03
  -3.1572820e-03
  -3.1275170e-03
  -3.1087600e-03
  -3.0941830e-03
  -3.0778740e-03
  -3.0424000e-03
  -3.0029500e-03
  -2.9833780e-03
  -3.0315940e-03
  -3.1372010e-03
  -3.2616650e-03
  -3.3749170e-03
  -3.4864350e-03
  -3.5893910e-03
  -3.6969350e-03
  -3.8102880e-03
  -3.9394420e-03
  -4.0744060e-03
  -4.1840890e-03
  -4.1813370e-03
  -4.0970360e-03
  -4.0905120e-03
  -4.2244560e-03
  -4.4027440e-03
  -4.5816420e-03
  -4.7630890e-03
  -4.9398470e-03
  -5.0048830e-03
  -4.8806220e-03
  -4.6302660e-03
  -4.3735890e-03
  -4.1335290e-03
  -3.8972400e-03
  -3.6401560e-03
  -3.3908190e-03
  -3.2285360e-03
  -3.2219100e-03
  -3.3096770e-03
  -3.4085560e-03
  -3.4887800e-03
  -3.5666590e-03
  -3.6472910e-03
  -3.7323070e-03
  -3.7755280e-03
  -3.7631930e-03
  -3.7293500e-03
  -3.7189530e-03
  -3.7139580e-03
  -3.6981580e-03
  -3.6931630e-03
  -3.7550380e-03
  -3.8590140e-03
  -3.9262920e-03
  -3.9043750e-03
  -3.8357720e-03
  -3.7675770e-03
  -3.7201760e-03
  -3.6662520e-03
  -3.5853140e-03
  -3.4799120e-03
  -3.3891880e-03
  -3.3268030e-03
  -3.2901050e-03
  -3.2543260e-03
  -3.2173230e-03
  -3.1733880e-03
  -3.1298610e-03
  -3.0841940e-03
  -3.0537150e-03
  -3.0405650e-03
  -3.0390360e-03
  -3.0273130e-03
  -3.0132460e-03
  -3.0020330e-03
  -3.0020330e-03
  -2.9981590e-03
  -2.9715540e-03
  -2.8994850e-03
  -2.8043780e-03
  -2.7047860e-03
  -2.6161010e-03
  -2.5300660e-03
  -2.4407700e-03
  -2.3405660e-03
  -2.2513720e-03
  -2.1784870e-03
  -2.1201790e-03
  -2.0611580e-03
  -2.0042770e-03
  -1.9359800e-03
  -1.8465810e-03
  -1.7300680e-03
  -1.6088650e-03
  -1.4901090e-03
  -1.3832800e-03
  -1.2724750e-03
  -1.1517820e-03
  -1.0350640e-03
  -9.6437100e-04
  -9.3729700e-04
  -9.3298500e-04
  -9.3316800e-04
  -9.4413700e-04
  -9.5672600e-04
  -9.7480900e-04
  -9.8202700e-04
  -9.5318900e-04
  -8.7301600e-04
  -7.5492200e-04
  -5.9852100e-04
  -4.3152800e-04
  -2.6435200e-04
  -9.9185300e-05
   7.1089600e-05
   2.4606500e-04
   4.2954000e-04
   5.9407600e-04
   7.3227200e-04
   8.5908100e-04
   1.0002020e-03
   1.1483160e-03
   1.2877650e-03
   1.3807310e-03
   1.4252770e-03
   1.4312920e-03
   1.4174280e-03
   1.3938810e-03
   1.3732900e-03
   1.3466840e-03
   1.3133510e-03
   1.2675820e-03
   1.2283360e-03
   1.2180400e-03
   1.2556550e-03
   1.3119240e-03
   1.3656450e-03
   1.4083560e-03
   1.4590180e-03
   1.5304760e-03
   1.6345530e-03
   1.7587120e-03
   1.8940840e-03
   2.0275190e-03
   2.1687010e-03
   2.3141650e-03
   2.4626860e-03
   2.5925530e-03
   2.6937760e-03
   2.7709420e-03
   2.8529000e-03
   2.9422980e-03
   3.0397490e-03
   3.1349580e-03
   3.2292490e-03
   3.3308800e-03
   3.4661500e-03
   3.6265980e-03
   3.8010120e-03
   3.9785850e-03
   4.1620710e-03
   4.3439260e-03
   4.5338340e-03
   4.7177280e-03
   4.8718560e-03
   4.9621710e-03
   4.9860250e-03
   4.9653320e-03
   4.9332220e-03
   4.8950970e-03
   4.9100820e-03
   5.0738940e-03
   5.3818440e-03
   5.6597240e-03
   5.8036580e-03
   5.8667570e-03
   5.9539130e-03
   6.0906100e-03
   6.1314860e-03
   5.8295500e-03
   5.2413760e-03
   4.7327120e-03
   4.5449450e-03
   4.5686960e-03
   4.6058010e-03
   4.5668610e-03
   4.5396440e-03
   4.6990730e-03
   5.1628850e-03
   6.0177250e-03
   7.3312800e-03
   8.9764350e-03
   1.0726788e-02
   1.2179384e-02
   1.2800178e-02
   1.2495388e-02
   1.1735960e-02
   1.0912313e-02
   1.0166035e-02
   9.5989610e-03
   9.2573720e-03
   9.0780650e-03
   9.0596150e-03
   9.2062000e-03
   9.4558420e-03
   9.7012040e-03
   9.7449350e-03
   9.2081360e-03
   7.8819410e-03
   6.1347480e-03
   4.7921410e-03
   4.5858220e-03
   5.7439230e-03
   7.8452440e-03
   9.9355560e-03
   1.0816492e-02
   1.0107931e-02
   8.8604310e-03
   8.0092600e-03
   6.7938700e-03
   4.3055980e-03
   1.7087630e-03
   1.1877650e-03
   3.6167100e-03
   7.9537050e-03
   1.1997937e-02
   1.4087637e-02
   1.4378157e-02
   1.4499461e-02
   1.6005065e-02
   1.8485182e-02
   1.9242571e-02
   1.6723718e-02
   1.2319038e-02
   7.7928490e-03
   3.9900020e-03
   1.8292520e-03
   1.9119230e-03
   3.5919400e-03
   5.8944830e-03
   8.7276080e-03
   1.2203849e-02
   1.5638093e-02
   1.7728813e-02
   1.7030547e-02
   1.2271127e-02
   4.0248650e-03
  -5.0087560e-03
  -1.1811393e-02
  -1.3325152e-02
  -8.4084440e-03
  -8.1788800e-04
   4.4825600e-03
   6.6486110e-03
   7.6179260e-03
   8.3463650e-03
   8.6647130e-03
   8.2956000e-03
   6.7750120e-03
   4.0741000e-03
   2.1987720e-03
   4.1140590e-03
   9.9463610e-03
   1.6576929e-02
   2.0848072e-02
   2.1794044e-02
   2.0854189e-02
   2.0105974e-02
   2.0742058e-02
   2.2441341e-02
   2.3545315e-02
   2.2512697e-02
   1.9166119e-02
   1.5283354e-02
   1.5043803e-02
   2.1730843e-02
   3.2308805e-02
   3.9970359e-02
   4.1034578e-02
   3.4744070e-02
   2.1497409e-02
   5.7538110e-03
  -5.0548320e-03
  -8.5715430e-03
  -8.1449380e-03
  -6.5582950e-03
  -5.6737910e-03
  -7.0500370e-03
  -9.5104810e-03
  -9.6530900e-03
  -5.5826600e-03
   8.1145600e-04
   5.4703260e-03
   6.2703240e-03
   6.0985610e-03
   7.9966200e-03
   9.7857090e-03
   8.0342350e-03
   2.0792010e-03
  -5.7072260e-03
  -9.8152710e-03
  -4.6426000e-03
   9.4350470e-03
   2.4421970e-02
   3.1993819e-02
   3.1316960e-02
   2.7319008e-02
   2.5515749e-02
   2.9522876e-02
   3.6854157e-02
   4.0312866e-02
   3.6763432e-02
   2.9769564e-02
   2.4380176e-02
   2.2255817e-02
   2.1600365e-02
   1.9775699e-02
   1.4857259e-02
   7.3383130e-03
   4.3116100e-04
  -2.5220130e-03
  -9.2028400e-04
   2.9935720e-03
   6.2299570e-03
   7.1683850e-03
   6.3138510e-03
   4.8493280e-03
   3.2577920e-03
   1.7667650e-03
   1.1086600e-04
  -2.6946940e-03
  -7.0335230e-03
  -1.2035654e-02
  -1.5627899e-02
  -1.5318012e-02
  -1.1487235e-02
  -7.8948870e-03
  -7.1494250e-03
  -8.9388200e-03
  -1.1836877e-02
  -1.3378159e-02
  -1.0831783e-02
  -4.2524890e-03
   3.8274130e-03
   1.1544319e-02
   1.7596295e-02
   2.1478041e-02
   2.3613612e-02
   2.2018305e-02
   1.4880704e-02
   4.8217030e-03
  -4.0294520e-03
  -8.4835710e-03
  -7.3134410e-03
  -7.5033500e-04
   1.1281323e-02
   2.7112077e-02
   4.1504504e-02
   4.8639048e-02
   4.3364848e-02
   2.2986702e-02
  -4.9534050e-03
  -2.4755302e-02
  -2.8995863e-02
  -2.3546334e-02
  -1.6082537e-02
  -9.3010010e-03
  -4.3464740e-03
  -3.8906140e-03
  -1.0747175e-02
  -2.2669679e-02
  -2.9325121e-02
  -2.2172229e-02
  -7.6300560e-03
   1.5092730e-03
   2.6567730e-03
   1.7425040e-03
   4.9262900e-03
   1.2890902e-02
   1.9231358e-02
   1.8659494e-02
   1.2701300e-02
   6.5588040e-03
   3.8871480e-03
   4.8880640e-03
   8.1663440e-03
   1.1510680e-02
   1.1940853e-02
   7.7121150e-03
   5.2053900e-04
  -6.8104860e-03
  -1.4362866e-02
  -2.2564685e-02
  -2.8585059e-02
  -2.9335314e-02
  -2.4169167e-02
  -1.5472956e-02
  -9.4586970e-03
  -1.0864402e-02
  -1.7383248e-02
  -2.3155917e-02
  -2.5179358e-02
  -2.4506577e-02
  -2.1769579e-02
  -1.4693141e-02
  -3.3681890e-03
   7.6085470e-03
   1.5088655e-02
   1.9583039e-02
   2.0534108e-02
   1.5802211e-02
   5.9716500e-03
  -5.1101840e-03
  -1.2341464e-02
  -1.2388354e-02
  -7.2018200e-03
  -3.0496370e-03
  -5.4205800e-03
  -1.4492326e-02
  -2.6060092e-02
  -3.4242540e-02
  -3.3670678e-02
  -2.4202806e-02
  -1.0810376e-02
   8.0418800e-04
   5.1023340e-03
   6.4727700e-04
  -6.0361760e-03
  -8.1936640e-03
  -8.2341320e-03
  -1.2270108e-02
  -2.0053986e-02
  -2.7190568e-02
  -2.9019311e-02
  -2.0012192e-02
   4.1276200e-04
   2.3152859e-02
   3.3910227e-02
   2.4597300e-02
   2.7033590e-03
  -1.4659502e-02
  -1.5569796e-02
  -9.7757200e-04
   1.7853175e-02
   2.7349589e-02
   2.2098834e-02
   1.0440346e-02
   4.1220100e-03
   4.6161990e-03
   8.7872400e-03
   1.9933701e-02
   3.8215009e-02
   5.0358716e-02
   4.3275143e-02
   2.1396491e-02
   2.2022380e-03
  -7.1276100e-04
   1.3867454e-02
   3.5506554e-02
   4.8191544e-02
   4.2362811e-02
   2.3761420e-02
   8.8320920e-03
   8.9483000e-03
   2.0257860e-02
   3.0840916e-02
   3.0500449e-02
   1.2257876e-02
  -1.8985691e-02
  -4.3501441e-02
  -4.7843942e-02
  -3.6865368e-02
  -1.9913314e-02
   1.0441400e-04
   2.0858266e-02
   3.5449470e-02
   3.9220104e-02
   3.4144681e-02
   2.5817481e-02
   2.2512697e-02
   2.9260901e-02
   4.1419897e-02
   5.3675733e-02
   6.3805173e-02
   6.4175202e-02
   4.8438232e-02
   2.2888843e-02
  -1.9504550e-03
  -2.1800160e-02
  -3.7491260e-02
  -4.9045774e-02
  -5.5235363e-02
  -5.8312828e-02
  -6.2108947e-02
  -6.7531974e-02
  -7.2947865e-02
  -7.7540110e-02
  -8.7350489e-02
  -1.1530048e-01
  -1.6456644e-01
  -2.1101895e-01
  -2.1775696e-01
  -1.8038700e-01
  -1.3494366e-01
  -1.0910274e-01
  -1.0217105e-01
  -1.0518837e-01
  -1.0908235e-01
  -1.0795085e-01
  -1.0460733e-01
  -1.0178267e-01
  -9.2375963e-02
  -7.0466731e-02
  -4.2279222e-02
  -1.5764494e-02
   7.7217990e-03
   2.4271103e-02
   1.8414846e-02
  -2.8140616e-02
  -9.7322946e-02
  -1.2614654e-01
  -9.6664436e-02
  -6.2045748e-02
  -4.6670651e-02
  -3.4308800e-02
  -2.3820544e-02
  -1.8870503e-02
  -1.7784878e-02
  -2.6417888e-02
  -4.7646185e-02
  -7.4288333e-02
  -9.9112952e-02
  -1.1912311e-01
  -1.3464805e-01
  -1.4660521e-01
  -1.5439317e-01
  -1.5817502e-01
  -1.6095788e-01
  -1.6446450e-01
  -1.6471934e-01
  -1.5570815e-01
  -1.3578974e-01
  -1.0816492e-01
  -7.7603310e-02
  -4.7107959e-02
  -1.9134518e-02
  -1.0975510e-03
   3.2901100e-04
  -8.8153750e-03
  -1.8432175e-02
  -3.0623791e-02
  -5.3463707e-02
  -8.6604311e-02
  -1.2157978e-01
  -1.4772651e-01
  -1.5905167e-01
  -1.6007104e-01
  -1.5868470e-01
  -1.5520866e-01
  -1.4174284e-01
  -1.1256858e-01
  -7.7154789e-02
  -5.6583984e-02
  -6.4158893e-02
  -9.7075240e-02
  -1.4186516e-01
  -1.7804246e-01
  -1.8643184e-01
  -1.6144718e-01
  -1.1087644e-01
  -4.8712441e-02
  -4.6847000e-04
  -4.3111020e-03
  -8.2255697e-02
  -1.9356740e-01
  -2.5339399e-01
  -2.5586085e-01
  -2.6359783e-01
  -2.5502497e-01
  -1.8771624e-01
  -1.1217103e-01
  -8.4226131e-02
  -1.0936777e-01
  -1.7065205e-01
  -2.3544295e-01
  -2.6572833e-01
  -2.4261929e-01
  -1.8221166e-01
  -1.1770619e-01
  -6.9282226e-02
  -3.5209920e-02
  -4.7430080e-03
   2.8836843e-02
   6.7746041e-02
   1.0850131e-01
   1.4487229e-01
   1.7477029e-01
   1.9606485e-01
   2.0292518e-01
   1.8974478e-01
   1.5884780e-01
   1.2393451e-01
   9.5740888e-02
   8.0364774e-02
   9.5095630e-02
   1.4747167e-01
   2.0666625e-01
   2.3060097e-01
   2.1087624e-01
   1.6528000e-01
   1.1381221e-01
   9.2846909e-02
   1.2478059e-01
   1.5238502e-01
   8.7144575e-02
  -5.4107945e-02
  -1.5261947e-01
  -1.7138600e-01
  -1.7391403e-01
  -1.8352665e-01
  -1.8616680e-01
  -1.7906182e-01
  -1.7181413e-01
  -1.8235438e-01
  -2.1283342e-01
  -2.4040727e-01
  -2.4712489e-01
  -2.4099850e-01
  -2.3778750e-01
  -2.3876609e-01
  -2.3191595e-01
  -2.1071314e-01
  -1.8456640e-01
  -1.6236461e-01
  -1.4068270e-01
  -1.1346562e-01
  -7.7967224e-02
  -3.6444371e-02
   7.1284260e-03
   5.9230257e-02
   1.3348597e-01
   2.2854185e-01
   3.1924504e-01
   3.7044779e-01
   3.6020315e-01
   2.8928586e-01
   1.8618719e-01
   1.3712511e-01
   2.0211988e-01
   2.9134499e-01
   3.1245604e-01
   2.9834804e-01
   2.8559576e-01
   2.6864371e-01
   2.5376096e-01
   2.5672732e-01
   2.7884757e-01
   3.0656412e-01
   3.2522869e-01
   3.2351618e-01
   3.0218085e-01
   2.8602388e-01
   2.8629912e-01
   2.7949994e-01
   2.5696177e-01
   2.3600361e-01
   2.4375079e-01
   2.7982616e-01
   2.8889851e-01
   2.6745105e-01
   2.7136542e-01
   2.9478026e-01
   3.0633985e-01
   3.0860285e-01
   3.1139592e-01
   3.1315942e-01
   3.1383220e-01
   3.2101872e-01
   3.3523888e-01
   3.5067209e-01
   3.5595239e-01
   3.5122253e-01
   3.4239482e-01
   3.3086581e-01
   3.4013184e-01
   3.5606453e-01
   3.4914304e-01
   3.6496359e-01
   4.2588089e-01
   4.5957095e-01
   3.9644162e-01
   3.2482095e-01
   3.6567715e-01
   4.3643134e-01
   4.2090640e-01
   3.4968330e-01
   2.9730827e-01
   2.8391380e-01
   2.8917374e-01
   3.0922468e-01
   3.4457627e-01
   3.5910225e-01
   3.4044785e-01
   3.1648255e-01
   2.9485162e-01
   2.7195664e-01
   2.4430124e-01
   2.0797104e-01
   1.7392422e-01
   1.4850123e-01
   1.2042789e-01
   8.5030412e-02
   5.4877565e-02
   4.1947929e-02
   4.7415806e-02
   6.3361750e-02
   6.8033504e-02
   5.3431085e-02
   3.8519802e-02
   3.1470885e-02
   3.1535105e-02
   3.8997884e-02
   4.9136497e-02
   6.6278154e-02
   9.7425900e-02
   1.3404662e-01
   1.6207919e-01
   1.7759394e-01
   1.8804244e-01
   2.0774678e-01
   2.4325130e-01
   2.8445408e-01
   3.1862322e-01
   3.4156915e-01
   3.5498400e-01
   3.6114098e-01
   3.6172200e-01
   3.5690040e-01
   3.3664559e-01
   2.8769565e-01
   2.2465806e-01
   1.7818517e-01
   1.5662558e-01
   1.4970408e-01
   1.3393449e-01
   9.4275041e-02
   5.7245554e-02
   5.0734864e-02
   6.3623725e-02
   6.7928509e-02
   2.6830732e-02
  -8.9054868e-02
  -2.3915345e-01
  -3.2308803e-01
  -3.1084546e-01
  -2.7196684e-01
  -2.4190573e-01
  -2.3679871e-01
  -3.0624811e-01
  -3.9715518e-01
  -4.1769539e-01
  -4.1940793e-01
  -4.5698176e-01
  -4.8421920e-01
  -4.8998884e-01
  -5.1492252e-01
  -5.4841888e-01
  -5.5560540e-01
  -5.4761359e-01
  -5.4127312e-01
  -5.4458607e-01
  -5.5338320e-01
  -5.5685924e-01
  -5.6378073e-01
  -5.6947898e-01
  -5.5866350e-01
  -5.5751162e-01
  -5.6969305e-01
  -5.6447388e-01
  -5.9309769e-01
  -6.4054919e-01
  -6.2400486e-01
  -5.8322004e-01
  -5.1153821e-01
  -4.3125295e-01
  -4.4377078e-01
  -4.6011121e-01
  -4.1674738e-01
  -3.8956089e-01
  -3.8358741e-01
  -3.8322044e-01
  -3.8368935e-01
  -3.8508588e-01
  -3.9654356e-01
  -3.9079433e-01
  -3.5301663e-01
  -3.1261916e-01
  -2.8909218e-01
  -2.6534096e-01
  -2.1802199e-01
  -1.6711485e-01
  -1.5620764e-01
  -1.6309855e-01
  -1.3393449e-01
  -8.8350485e-02
  -5.5093672e-02
   3.9296600e-04
   8.1384140e-02
   1.2934735e-01
   1.1391414e-01
   7.1249602e-02
   6.0779694e-02
   9.4429984e-02
   1.3099872e-01
   1.2454613e-01
   6.1758285e-02
  -2.7411770e-03
  -2.6381190e-03
   5.0549337e-02
   9.5794914e-02
   1.0007523e-01
   1.0086728e-01
   1.5034628e-01
   2.0478043e-01
   2.0739000e-01
   1.9871520e-01
   2.0691090e-01
   2.1815451e-01
   2.3343480e-01
   2.4259890e-01
   2.4189554e-01
   2.5668654e-01
   2.8645203e-01
   3.1217063e-01
   3.5804210e-01
   4.2366887e-01
   4.5189513e-01
   4.2456592e-01
   3.7927549e-01
   3.5131429e-01
   3.4082502e-01
   3.5345496e-01
   4.0428054e-01
   4.0610519e-01
   2.7949994e-01
   1.0414862e-01
  -1.6333301e-02
  -6.4100789e-02
  -6.6115056e-02
  -7.9185367e-02
  -1.2287437e-01
  -1.3991817e-01
  -1.4014243e-01
  -1.5570815e-01
  -1.5259908e-01
  -1.4654405e-01
  -1.6161028e-01
  -1.8157966e-01
  -2.0980590e-01
  -2.2833797e-01
  -2.0266015e-01
  -1.6715563e-01
  -1.9541245e-01
  -2.7650300e-01
  -3.1433168e-01
  -3.0922468e-01
  -3.3462726e-01
  -3.8377090e-01
  -4.2928558e-01
  -4.5343435e-01
  -4.9344448e-01
  -5.7890813e-01
  -5.2772575e-01
  -3.3816447e-01
  -2.7132464e-01
  -3.0565689e-01
  -3.6577908e-01
  -4.8822531e-01
  -5.1754230e-01
  -4.3640077e-01
  -4.4789920e-01
  -5.1260856e-01
  -4.9275130e-01
  -3.8285348e-01
  -3.0628889e-01
  -3.3265989e-01
  -3.6404616e-01
  -3.5802170e-01
  -3.0313906e-01
  -1.9282326e-01
  -1.3258893e-01
  -1.2889882e-01
  -5.8386224e-02
   8.8432034e-02
   2.1145727e-01
   2.5510652e-01
   2.6679865e-01
   2.9748156e-01
   3.2208906e-01
   3.1349581e-01
   3.0552435e-01
   3.5529999e-01
   4.2053941e-01
   3.9559555e-01
   3.2679852e-01
   3.0776696e-01
   3.0092703e-01
   2.8511666e-01
   2.9240514e-01
   3.3350596e-01
   3.8409709e-01
   3.8482085e-01
   3.2734899e-01
   2.6259887e-01
   2.4053978e-01
   3.2132453e-01
   4.7413768e-01
   4.4691041e-01
   1.4674792e-01
  -1.0812415e-01
  -1.4596301e-01
  -1.3287435e-01
  -1.5532079e-01
  -1.6009142e-01
  -1.4318014e-01
  -1.4407718e-01
  -1.5790998e-01
  -1.7062147e-01
  -1.9799145e-01
  -2.3553470e-01
  -2.6508613e-01
  -2.9935720e-01
  -3.4418893e-01
  -3.5794017e-01
  -3.2013187e-01
  -3.1374046e-01
  -3.9559555e-01
  -4.6369937e-01
  -4.4561581e-01
  -4.0175250e-01
  -3.8327140e-01
  -4.1196656e-01
  -4.6456584e-01
  -4.8351585e-01
  -4.8185429e-01
  -4.7363820e-01
  -4.2777691e-01
  -3.8191564e-01
  -3.9132439e-01
  -4.3279220e-01
  -4.5355669e-01
  -4.1473923e-01
  -3.5576892e-01
  -3.5561600e-01
  -3.9430095e-01
  -3.9996862e-01
  -3.3291472e-01
  -2.0426055e-01
  -8.7098705e-02
  -3.8117151e-02
  -4.2867396e-02
  -4.5236403e-02
  -6.6660420e-03
   6.5262866e-02
   1.3129434e-01
   1.7093748e-01
   1.9736964e-01
   2.1880690e-01
   2.5199746e-01
   3.0098819e-01
   3.4953038e-01
   3.9845995e-01
   4.4561581e-01
   4.8574825e-01
   5.2142606e-01
   5.4491226e-01
   5.6213954e-01
   5.9840859e-01
   6.4280197e-01
   6.7338295e-01
   6.8246551e-01
   6.6744005e-01
   6.4762357e-01
   6.4156855e-01
   6.5009045e-01
   6.6108940e-01
   6.6363781e-01
   6.7041661e-01
   6.8613522e-01
   6.9978452e-01
   7.0903018e-01
   7.1740938e-01
   6.7955012e-01
   6.3662462e-01
   6.4642073e-01
   6.5508534e-01
   6.8249608e-01
   5.9754212e-01
   3.0184446e-01
   1.6252771e-02
  -1.2111087e-01
  -1.2355735e-01
  -1.2146765e-01
  -1.6381211e-01
  -1.9101899e-01
  -2.2286398e-01
  -2.1530028e-01
  -1.8723714e-01
  -2.0195678e-01
  -2.1285381e-01
  -2.0292518e-01
  -1.9091705e-01
  -1.7795071e-01
  -1.6437276e-01
  -1.5739010e-01
  -1.6156950e-01
  -1.5013222e-01
  -1.1974492e-01
  -1.0239531e-01
  -8.9399414e-02
  -5.1671660e-02
   6.3687950e-03
   6.5520765e-02
   1.1560629e-01
   1.6005065e-01
   1.9960205e-01
   2.3055000e-01
   2.4998931e-01
   2.5769571e-01
   2.5934707e-01
   2.6727775e-01
   2.8765487e-01
   3.1068237e-01
   3.3553449e-01
   3.6835808e-01
   3.9981570e-01
   4.1988704e-01
   4.2891862e-01
   4.3303686e-01
   4.3713470e-01
   4.3896956e-01
   4.3650270e-01
   4.2763422e-01
   4.0705320e-01
   3.7675766e-01
   3.3700238e-01
   3.0081489e-01
   3.0728788e-01
   3.5240501e-01
   3.9535090e-01
   4.3411738e-01
   4.6282272e-01
   4.5054955e-01
   3.8340391e-01
   2.7863350e-01
   1.8960207e-01
   1.4065211e-01
   1.0887848e-01
   7.9278128e-02
   4.1474943e-02
  -9.7472790e-03
  -6.5018218e-02
  -1.1657469e-01
  -1.6218112e-01
  -1.9895985e-01
  -2.2509639e-01
  -2.4502499e-01
  -2.6762434e-01
  -2.9706362e-01
  -3.2965275e-01
  -3.5213996e-01
  -3.5699216e-01
  -3.5971387e-01
  -3.7506551e-01
  -4.0330195e-01
  -4.4219075e-01
  -4.7669630e-01
  -4.8730788e-01
  -4.8406631e-01
  -4.8842918e-01
  -5.0897962e-01
  -5.5551366e-01
  -6.1272050e-01
  -6.2616593e-01
  -5.8116091e-01
  -5.3580932e-01
  -5.2797041e-01
  -5.3740973e-01
  -5.4502440e-01
  -5.4824559e-01
  -5.4088578e-01
  -5.2031496e-01
  -5.0692049e-01
  -5.1322018e-01
  -5.1820487e-01
  -5.1136492e-01
  -4.9970339e-01
  -4.8142616e-01
  -4.5314895e-01
  -4.1733862e-01
  -3.7943859e-01
  -3.4288413e-01
  -3.0555493e-01
  -2.6513708e-01
  -2.2284359e-01
  -1.7908221e-01
  -1.3359810e-01
  -8.7726634e-02
  -4.2138551e-02
   2.7444390e-03
   4.6587062e-02
   8.9239374e-02
   1.2882747e-01
   1.6712505e-01
   2.1199754e-01
   2.6418908e-01
   3.1515737e-01
   3.5803190e-01
   3.8784837e-01
   4.0187484e-01
   4.0429074e-01
   3.9965261e-01
   3.8696152e-01
   3.6801149e-01
   3.4826637e-01
   3.2759364e-01
   3.0279247e-01
   2.8317986e-01
   2.9179349e-01
   3.3159975e-01
   3.6664556e-01
   3.1553454e-01
   1.3349617e-01
  -6.2218020e-02
  -1.5619744e-01
  -1.8530034e-01
  -2.0442365e-01
  -2.3024419e-01
  -2.6851119e-01
  -3.1114107e-01
  -3.4985660e-01
  -3.7802168e-01
  -3.8445386e-01
  -3.6838865e-01
  -3.5413793e-01
  -3.5979540e-01
  -3.7240496e-01
  -3.8555478e-01
  -4.0073313e-01
  -4.0432132e-01
  -3.8950993e-01
  -3.6667614e-01
  -3.4066190e-01
  -3.1268032e-01
  -3.2542239e-01
  -4.0842936e-01
  -4.4925495e-01
  -2.9418901e-01
  -3.3283319e-02
   1.1257878e-01
   1.3567761e-01
   1.5365922e-01
   2.0936757e-01
   2.7793011e-01
   3.2541219e-01
   3.5315932e-01
   3.8175255e-01
   4.1823565e-01
   4.5709389e-01
   4.8948933e-01
   5.0629869e-01
   5.0036597e-01
   4.7154849e-01
   4.2860260e-01
   3.8519802e-01
   3.5445392e-01
   3.5481071e-01
   3.9228260e-01
   4.3250677e-01
   4.1697163e-01
   3.3735915e-01
   2.5255811e-01
   1.8195682e-01
   9.4310718e-02
  -1.9913314e-02
  -1.4101909e-01
  -2.5173242e-01
  -3.3194633e-01
  -3.4096771e-01
  -2.9271092e-01
  -2.6191589e-01
  -2.6677827e-01
  -2.6915339e-01
  -2.6144699e-01
  -2.7175276e-01
  -3.0898002e-01
  -3.3428067e-01
  -3.2090660e-01
  -2.9736943e-01
  -2.7201782e-01
  -2.2952044e-01
  -1.9696189e-01
  -2.0946951e-01
  -2.5744087e-01
  -2.6734911e-01
  -1.6480089e-01
   2.9478030e-03
   1.1890904e-01
   1.5772649e-01
   1.7887834e-01
   2.1842974e-01
   2.5928592e-01
   2.8640105e-01
   3.1885767e-01
   3.5990754e-01
   3.8821533e-01
   4.0200735e-01
   4.1216023e-01
   4.2009091e-01
   4.1676778e-01
   3.9117150e-01
   3.4224193e-01
   2.8025428e-01
   2.1750211e-01
   1.6049917e-01
   1.1236471e-01
   8.0472826e-02
   7.0092623e-02
   7.5954995e-02
   8.9296457e-02
   1.0306809e-01
   1.1446460e-01
   1.2642177e-01
   1.4276220e-01
   1.6470915e-01
   1.8923510e-01
   2.0636044e-01
   2.0706381e-01
   1.9901082e-01
   1.9093744e-01
   1.7118212e-01
   1.3286416e-01
   9.2919285e-02
   6.9394356e-02
   6.6162966e-02
   7.8820433e-02
   1.0082447e-01
   1.2648293e-01
   1.4935750e-01
   1.5801192e-01
   1.4041766e-01
   9.8084412e-02
   5.1022324e-02
   1.9132480e-02
  -1.7012200e-03
  -3.0686993e-02
  -6.9463674e-02
  -1.0788969e-01
  -1.4935750e-01
  -1.9942876e-01
  -2.5660499e-01
  -3.1163037e-01
  -3.3313899e-01
  -2.9400552e-01
  -2.1698224e-01
  -1.4776729e-01
  -1.0443404e-01
  -8.4396365e-02
  -8.5446312e-02
  -1.0097635e-01
  -1.1503545e-01
  -1.1033617e-01
  -7.4083439e-02
  -2.1307807e-02
  -2.4972430e-03
  -1.7419945e-02
  -8.9834700e-04
   4.6024373e-02
   7.3403522e-02
   8.9259761e-02
   1.1185503e-01
   1.2429129e-01
   1.1595288e-01
   9.6751080e-02
   7.8583941e-02
   6.6150735e-02
   5.8554418e-02
   5.3326091e-02
   4.8609484e-02
   4.2606439e-02
   3.4150797e-02
   2.4578952e-02
   1.5411794e-02
   5.2989700e-03
  -6.3066130e-03
  -1.6631975e-02
  -2.3870493e-02
  -2.9479043e-02
  -3.4912264e-02
  -3.9503489e-02
  -4.1884727e-02
  -4.1860264e-02
  -4.1114087e-02
  -4.1155882e-02
  -4.1051905e-02
  -3.9332234e-02
  -3.6109000e-02
  -3.2867416e-02
  -3.1745093e-02
  -3.4028473e-02
  -3.8746100e-02
  -4.3969332e-02
  -4.9206832e-02
  -5.4762377e-02
  -5.9284286e-02
  -6.0338308e-02
  -5.5874506e-02
  -4.4628862e-02
  -2.7885774e-02
  -9.2806130e-03
   9.0864240e-03
   2.7579965e-02
   4.5146698e-02
   5.8040660e-02
   6.3340342e-02
   6.0511601e-02
   5.1196636e-02
   3.7990749e-02
   2.2401586e-02
   5.3374000e-03
  -1.2111087e-02
  -2.9191583e-02
  -4.5287371e-02
  -5.9580920e-02
  -7.1865300e-02
  -8.2569662e-02
  -9.1443242e-02
  -9.8742922e-02
  -1.0560631e-01
  -1.1136573e-01
  -1.1398550e-01
  -1.1322098e-01
  -1.1119244e-01
  -1.0976533e-01
  -1.0807318e-01
  -1.0409765e-01
  -9.7512547e-02
  -8.8769445e-02
  -7.8172117e-02
  -6.7119132e-02
  -5.7829651e-02
  -5.0716514e-02
  -4.4249656e-02
  -3.7336317e-02
  -2.9894946e-02
  -2.2392412e-02
  -1.5460723e-02
  -9.4512550e-03
  -4.3410720e-03
   1.4693100e-04
   4.7329160e-03
   1.0608541e-02
   1.8138598e-02
   2.5649286e-02
   3.1666602e-02
   3.7011140e-02
   4.2814390e-02
   4.8701227e-02
   5.3220076e-02
   5.4718544e-02
   5.2779711e-02
   4.7931607e-02
   3.9736923e-02
   2.7849078e-02
   1.3142685e-02
  -3.6060070e-03
  -2.1573861e-02
  -3.9105936e-02
  -5.3767476e-02
  -6.3997832e-02
  -7.0931561e-02
  -7.6553363e-02
  -8.0807177e-02
  -8.2584952e-02
  -8.2004933e-02
  -8.0346424e-02
  -7.8717477e-02
  -7.7464677e-02
  -7.6635932e-02
  -7.6873444e-02
  -7.9398414e-02
  -8.4594123e-02
  -9.1366791e-02
  -9.8423861e-02
  -1.0509663e-01
  -1.1132496e-01
  -1.1758386e-01
  -1.2408742e-01
  -1.2949006e-01
  -1.3179382e-01
  -1.2988761e-01
  -1.2417916e-01
  -1.1633004e-01
  -1.0715575e-01
  -9.6350470e-02
  -8.4373940e-02
  -7.2028398e-02
  -5.9491217e-02
  -4.6599296e-02
  -3.2745092e-02
  -1.7176316e-02
  -2.1203800e-04
   1.6071324e-02
   2.8778739e-02
   3.6265983e-02
   3.8306752e-02
   3.5324088e-02
   2.8166101e-02
   1.8163063e-02
   6.9724630e-03
  -4.4784820e-03
  -1.6291507e-02
  -2.8886793e-02
  -4.2106950e-02
  -5.4199688e-02
  -6.2788865e-02
  -6.7258786e-02
  -6.8210871e-02
  -6.5667555e-02
  -5.9633928e-02
  -5.1122223e-02
  -4.2005013e-02
  -3.3435203e-02
  -2.5490265e-02
  -1.8521879e-02
  -1.3355733e-02
  -9.9884610e-03
  -7.4802090e-03
  -5.1267990e-03
  -2.8308810e-03
  -6.8005000e-04
   1.4153900e-03
   3.6206860e-03
   5.7327100e-03
   7.4901990e-03
   9.0883610e-03
   1.1005075e-02
   1.3614652e-02
   1.6925552e-02
   2.0600367e-02
   2.3930635e-02
   2.5602395e-02
   2.4842968e-02
   2.2661525e-02
   2.1414840e-02
   2.3060097e-02
   2.6326145e-02
   2.7468855e-02
   2.4824619e-02
   1.8953071e-02
   1.1248703e-02
   4.3249660e-03
   1.1039700e-04
  -5.9649200e-04
   2.3996890e-03
   7.3828600e-03
   1.2245643e-02
   1.6396501e-02
   1.9324120e-02
   1.9801184e-02
   1.7382228e-02
   1.2152881e-02
   4.1879630e-03
  -4.9816410e-03
  -1.2648293e-02
  -1.7558579e-02
  -2.0451539e-02
  -2.1542261e-02
  -2.0189562e-02
  -1.6107001e-02
  -8.7481990e-03
   1.7015260e-03
   1.3687027e-02
   2.5867430e-02
   3.6993811e-02
   4.5641092e-02
   5.1942811e-02
   5.7491220e-02
   6.3354614e-02
   6.9693030e-02
   7.6331143e-02
   8.2823484e-02
   8.8782697e-02
   9.4565559e-02
   1.0084893e-01
   1.0724749e-01
   1.1215064e-01
   1.1425054e-01
   1.1349621e-01
   1.0987746e-01
   1.0324138e-01
   9.4428964e-02
   8.4968230e-02
   7.5740928e-02
   6.7366838e-02
   6.0540144e-02
   5.5287351e-02
   5.2161976e-02
   5.3016203e-02
   5.7738925e-02
   6.3596204e-02
   6.8573768e-02
   7.1815352e-02
   7.2385176e-02
   7.0421878e-02
   6.7507509e-02
   6.5034528e-02
   6.3036570e-02
   5.9956048e-02
   5.4505498e-02
   4.7565653e-02
   4.0599308e-02
   3.3831736e-02
   2.6444391e-02
   1.7641147e-02
   6.9409650e-03
  -6.1978470e-03
  -2.1321058e-02
  -3.6892892e-02
  -5.2130375e-02
  -6.6880600e-02
  -7.9792909e-02
  -8.8628771e-02
  -9.2983504e-02
  -9.3553329e-02
  -9.0153745e-02
  -8.3112984e-02
  -7.3729719e-02
  -6.3232290e-02
  -5.2323034e-02
  -4.0884731e-02
  -2.8618698e-02
  -1.5821579e-02
  -2.9157940e-03
   1.0266035e-02
   2.4198728e-02
   3.8962204e-02
   5.4545252e-02
   7.1395371e-02
   8.9164960e-02
   1.0592232e-01
   1.2020363e-01
   1.3228312e-01
   1.4272143e-01
   1.5186514e-01
   1.5906186e-01
   1.6251751e-01
   1.6235442e-01
   1.6113118e-01
   1.6043801e-01
   1.5899051e-01
   1.5357767e-01
   1.4230349e-01
   1.2638099e-01
   1.0832802e-01
   8.9529892e-02
   7.0363774e-02
   5.0882670e-02
   3.1854166e-02
   1.5328206e-02
   2.2656430e-03
  -8.5376990e-03
  -1.8954091e-02
  -3.0742039e-02
  -4.4958117e-02
  -6.1695085e-02
  -8.0443263e-02
  -1.0037289e-01
  -1.2101913e-01
  -1.4229329e-01
  -1.6268061e-01
  -1.7832788e-01
  -1.8501492e-01
  -1.8168159e-01
  -1.7153890e-01
  -1.5787940e-01
  -1.4301704e-01
  -1.2958180e-01
  -1.1814451e-01
  -1.0815473e-01
  -1.0064812e-01
  -9.5159849e-02
  -8.6344374e-02
  -6.8922390e-02
  -4.3817447e-02
  -1.6625859e-02
   6.6402520e-03
   2.4302704e-02
   4.0009094e-02
   5.6238420e-02
   7.1824525e-02
   8.5800032e-02
   9.9084408e-02
   1.1335349e-01
   1.2917405e-01
   1.4482132e-01
   1.5792017e-01
   1.6832790e-01
   1.7784878e-01
   1.8778760e-01
   1.9805261e-01
   2.0727787e-01
   2.1331252e-01
   2.1518815e-01
   2.1379162e-01
   2.0856227e-01
   1.9678860e-01
   1.7750219e-01
   1.5149817e-01
   1.2011189e-01
   8.8322962e-02
   6.1618634e-02
   3.8064145e-02
   9.9462590e-03
  -2.6521864e-02
  -6.6344414e-02
  -1.0209969e-01
  -1.3187537e-01
  -1.5872547e-01
  -1.8536151e-01
  -2.1125340e-01
  -2.3378139e-01
  -2.5097809e-01
  -2.6241538e-01
  -2.6937764e-01
  -2.7375074e-01
  -2.7684959e-01
  -2.8027466e-01
  -2.8531033e-01
  -2.9034600e-01
  -2.9007077e-01
  -2.8035622e-01
  -2.6460702e-01
  -2.4867432e-01
  -2.2934715e-01
  -2.0060103e-01
  -1.6850119e-01
  -1.4275201e-01
  -1.2236469e-01
  -1.0173068e-01
  -7.8677722e-02
  -5.4042705e-02
  -3.0268033e-02
  -7.6623700e-03
   1.7175297e-02
   4.5858216e-02
   7.5765393e-02
   1.0431172e-01
   1.3104969e-01
   1.5572854e-01
   1.7871524e-01
   2.0135536e-01
   2.2358773e-01
   2.4322072e-01
   2.5883740e-01
   2.7127366e-01
   2.7947957e-01
   2.8067223e-01
   2.7567733e-01
   2.6578948e-01
   2.4944904e-01
   2.2769577e-01
   2.0563669e-01
   1.8684978e-01
   1.7106999e-01
   1.5540234e-01
   1.3552470e-01
   1.0943913e-01
   7.9843877e-02
   4.9963203e-02
   2.0188543e-02
  -1.0491314e-02
  -4.2833757e-02
  -7.6524822e-02
  -1.0883770e-01
  -1.3557567e-01
  -1.5544311e-01
  -1.7039721e-01
  -1.8160004e-01
  -1.8884774e-01
  -1.9284365e-01
  -1.9439309e-01
  -1.9156944e-01
  -1.8346548e-01
  -1.7532075e-01
  -1.7119232e-01
  -1.6755318e-01
  -1.6010162e-01
  -1.5009144e-01
  -1.4155935e-01
  -1.3435243e-01
  -1.2214043e-01
  -1.0035250e-01
  -7.1666522e-02
  -3.8973418e-02
  -3.6831730e-03
   2.8970380e-02
   4.9337312e-02
   4.9977475e-02
   4.4831715e-02
   5.4829657e-02
   7.1713415e-02
   8.0729706e-02
   8.8536011e-02
   1.0201815e-01
   1.1621791e-01
   1.2706397e-01
   1.3508638e-01
   1.4100889e-01
   1.4536158e-01
   1.4719644e-01
   1.4315975e-01
   1.3101911e-01
   1.1056043e-01
   8.4479955e-02
   5.8279189e-02
   3.4543254e-02
   1.2475001e-02
  -7.8514620e-03
  -2.6149795e-02
  -4.2377080e-02
  -5.5722621e-02
  -6.6677747e-02
  -7.6933586e-02
  -8.5379034e-02
  -8.8414707e-02
  -8.5417769e-02
  -7.9181289e-02
  -7.1636961e-02
  -6.3869393e-02
  -5.7207837e-02
  -5.1310804e-02
  -4.4682888e-02
  -3.7899006e-02
  -3.2348560e-02
  -2.7044799e-02
  -2.0328196e-02
  -1.3425050e-02
  -9.3110920e-03
  -9.9713360e-03
  -1.6095788e-02
  -2.5500459e-02
  -3.3814406e-02
  -3.9435191e-02
  -4.3941808e-02
  -4.8723655e-02
  -5.3855141e-02
  -5.8272053e-02
  -6.0622713e-02
  -6.0867361e-02
  -5.8852074e-02
  -5.2810292e-02
  -4.2561586e-02
  -3.1242546e-02
  -2.2828701e-02
  -1.8600371e-02
  -1.5923516e-02
  -1.2273166e-02
  -7.7770490e-03
  -3.3415840e-03
   6.8279200e-04
   4.8126300e-03
   1.0599367e-02
   1.9075395e-02
   2.9291479e-02
   3.9689015e-02
   4.9260861e-02
   5.6248613e-02
   5.8913236e-02
   5.8304675e-02
   5.6763392e-02
   5.4561561e-02
   5.0890826e-02
   4.6367899e-02
   4.2457612e-02
   3.9593194e-02
   3.7276175e-02
   3.5076382e-02
   3.2568742e-02
   2.8793010e-02
   2.3155917e-02
   1.6338397e-02
   9.0214910e-03
   9.3929500e-04
  -8.0036540e-03
  -1.7297621e-02
  -2.6602394e-02
  -3.6011141e-02
  -4.5578910e-02
  -5.4585009e-02
  -6.1554412e-02
  -6.5970307e-02
  -6.8432074e-02
  -6.9114032e-02
  -6.8354603e-02
  -6.7264901e-02
  -6.6390284e-02
  -6.4715466e-02
  -6.0513641e-02
  -5.3718548e-02
  -4.5950979e-02
  -3.8338353e-02
  -3.0992803e-02
  -2.3734917e-02
  -1.6330243e-02
  -8.6447330e-03
  -1.1563690e-03
   5.2170130e-03
   9.9103780e-03
   1.2622809e-02
   1.3587129e-02
   1.3688046e-02
   1.3619748e-02
   1.3569800e-02
   1.3338403e-02
   1.2553492e-02
   1.1634024e-02
   1.1773677e-02
   1.2849108e-02
   1.3207925e-02
   1.2213023e-02
   1.0651355e-02
   9.1537020e-03
   7.5499340e-03
   5.3601320e-03
   2.7259880e-03
   6.7348500e-04
  -1.0325200e-04
  -5.3372000e-05
   5.7956100e-05
  -1.8604400e-05
  -1.5673800e-04
  -2.8053000e-04
  -7.7681800e-04
  -2.4621770e-03
  -5.7749120e-03
  -1.0313945e-02
  -1.5623822e-02
  -2.1451537e-02
  -2.6689038e-02
  -2.8703308e-02
  -2.5511672e-02
  -1.8381207e-02
  -9.9788790e-03
  -1.2178370e-03
   8.2050800e-03
   1.8242573e-02
   2.8148772e-02
   3.6513688e-02
   4.2559549e-02
   4.7450465e-02
   5.2747090e-02
   5.7962168e-02
   6.0986627e-02
   6.0867361e-02
   5.7764411e-02
   5.1911210e-02
   4.4494304e-02
   3.6946918e-02
   2.9732867e-02
   2.2730841e-02
   1.5663577e-02
   8.6162930e-03
   2.5028490e-03
  -1.7560620e-03
  -3.8282290e-03
  -3.8191560e-03
  -3.4053960e-03
  -4.4704300e-03
  -6.2810270e-03
  -6.8945840e-03
  -5.4157890e-03
  -2.3397510e-03
   1.1059100e-03
   4.3998890e-03
   8.1129300e-03
   1.3081523e-02
   1.9598330e-02
   2.7292505e-02
   3.5362825e-02
   4.2236409e-02
   4.5918358e-02
   4.6070243e-02
   4.3848025e-02
   3.9819492e-02
   3.4369962e-02
   2.9069259e-02
   2.5080480e-02
   2.1596287e-02
   1.7442371e-02
   1.2643196e-02
   8.1791890e-03
   5.0465750e-03
   3.2238470e-03
   1.9268060e-03
   6.3934600e-04
  -9.2305600e-04
  -3.2889840e-03
  -6.5822500e-03
  -9.7951890e-03
  -1.2250740e-02
  -1.5160010e-02
  -1.9537168e-02
  -2.4501480e-02
  -2.8996883e-02
  -3.3051922e-02
  -3.6945900e-02
  -3.9887790e-02
  -4.0677797e-02
  -3.9741001e-02
  -3.7346511e-02
  -3.2311863e-02
  -2.4891897e-02
  -1.6708427e-02
  -9.1182280e-03
  -3.7346510e-03
  -9.3618600e-04
   1.3722700e-03
   4.8178290e-03
   9.0235290e-03
   1.3552470e-02
   1.8595274e-02
   2.4327168e-02
   3.0393415e-02
   3.4891876e-02
   3.5090654e-02
   3.1185462e-02
   2.6453567e-02
   2.3071310e-02
   2.0755310e-02
   1.8603429e-02
   1.6239519e-02
   1.3828719e-02
   1.1717612e-02
   1.0361855e-02
   1.0701304e-02
   1.3401604e-02
   1.7839924e-02
   2.3271105e-02
   3.0088625e-02
   3.8683918e-02
   4.6784819e-02
   5.0709378e-02
   4.9717535e-02
   4.5377074e-02
   3.8687996e-02
   3.0538166e-02
   2.1972433e-02
   1.3454611e-02
   5.2708360e-03
  -2.1492310e-03
  -8.7602270e-03
  -1.4910266e-02
  -2.0966319e-02
  -2.7232363e-02
  -3.3553449e-02
  -3.8418883e-02
  -3.9915313e-02
  -3.8387284e-02
  -3.5596259e-02
  -3.1468847e-02
  -2.5059073e-02
  -1.7103941e-02
  -9.3252620e-03
  -3.4457630e-03
  -1.1195700e-03
  -2.3912290e-03
  -6.0317920e-03
  -1.1291517e-02
  -1.7463778e-02
  -2.3619728e-02
  -2.8975476e-02
  -3.3413796e-02
  -3.7921434e-02
  -4.2780751e-02
  -4.6377073e-02
  -4.7462699e-02
  -4.6977481e-02
  -4.6418868e-02
  -4.6106942e-02
  -4.5651285e-02
  -4.4646191e-02
  -4.2726723e-02
  -3.9957108e-02
  -3.6826634e-02
  -3.3730819e-02
  -3.0985667e-02
  -2.8856212e-02
  -2.6447448e-02
  -2.1809335e-02
  -1.4458687e-02
  -5.5528940e-03
   4.2002970e-03
   1.4609553e-02
   2.5017279e-02
   3.3454570e-02
   3.7559557e-02
   3.6983617e-02
   3.3263949e-02
   2.7827670e-02
   2.1224219e-02
   1.3719646e-02
   5.9528930e-03
  -9.5914200e-04
  -6.1935660e-03
  -1.0602425e-02
  -1.4800174e-02
  -1.7141658e-02
  -1.6916378e-02
  -1.5586105e-02
  -1.3532083e-02
  -9.5269940e-03
  -3.2341420e-03
   4.1218060e-03
   1.1215064e-02
   1.6964288e-02
   1.9814435e-02
   1.8638087e-02
   1.4122296e-02
   8.0500350e-03
   2.1871520e-03
  -1.5697220e-03
  -1.2683970e-03
   2.8980570e-03
   8.4199630e-03
   1.3165111e-02
   1.6360824e-02
   1.8361839e-02
   1.9839920e-02
   2.0767543e-02
   2.1144708e-02
   2.1684972e-02
   2.3038690e-02
   2.5110042e-02
   2.7009120e-02
   2.7074360e-02
   2.4366924e-02
   1.9859287e-02
   1.4629940e-02
   8.7698090e-03
   2.5068250e-03
  -3.2466810e-03
  -7.5898930e-03
  -1.0775717e-02
  -1.3767557e-02
  -1.6974482e-02
  -2.0312905e-02
  -2.3675794e-02
  -2.6924513e-02
  -2.9859266e-02
  -3.2460690e-02
  -3.5224189e-02
  -3.8413787e-02
  -4.0364854e-02
  -3.8062105e-02
  -3.0683935e-02
  -2.0382222e-02
  -1.0287441e-02
  -2.8684960e-03
   1.8948990e-03
   5.7451470e-03
   9.4103790e-03
   1.2680912e-02
   1.5457665e-02
   1.7685999e-02
   1.9472948e-02
   2.1123301e-02
   2.2696183e-02
   2.4076404e-02
   2.5417890e-02
   2.6998926e-02
   2.8779759e-02
   3.0591172e-02
   3.2353655e-02
   3.4043765e-02
   3.5690040e-02
   3.7450485e-02
   3.9524896e-02
   4.1864340e-02
   4.4166069e-02
   4.6368920e-02
   4.8810300e-02
   5.1815392e-02
   5.4308760e-02
   5.2897957e-02
   4.5435178e-02
   3.4618688e-02
   2.4379156e-02
   1.5638093e-02
   7.3891800e-03
  -9.9869300e-04
  -9.5233250e-03
  -1.8161024e-02
  -2.7000966e-02
  -3.5574852e-02
  -4.2302667e-02
  -4.6027431e-02
  -4.7269019e-02
  -4.6355668e-02
  -4.3133451e-02
  -3.8532033e-02
  -3.3749169e-02
  -2.9148768e-02
  -2.4687005e-02
  -2.0356738e-02
  -1.6214035e-02
  -1.2256856e-02
  -8.5586990e-03
  -5.2695100e-03
  -2.1378140e-03
   1.1440340e-03
   4.2141610e-03
   6.7041660e-03
   8.8405530e-03
   1.0934739e-02
   1.2705377e-02
   1.3507618e-02
   1.3362868e-02
   1.3229331e-02
   1.3908229e-02
   1.5100887e-02
   1.5994871e-02
   1.6416889e-02
   1.6681924e-02
   1.7040741e-02
   1.7608527e-02
   1.8263980e-02
   1.8676823e-02
   1.8797108e-02
   1.8607506e-02
   1.7452564e-02
   1.4791000e-02
   1.1240548e-02
   7.8114010e-03
   4.8685940e-03
   2.1787930e-03
  -5.4027400e-04
  -3.2239490e-03
  -5.4143620e-03
  -6.8224130e-03
  -7.6894850e-03
  -8.2275060e-03
  -8.3505440e-03
  -8.1460590e-03
  -7.8255700e-03
  -7.4144600e-03
  -6.8593130e-03
  -6.2278160e-03
  -5.6452490e-03
  -5.1363810e-03
  -4.4222130e-03
  -3.1841930e-03
  -1.5517810e-03
   1.3291500e-04
   1.8014240e-03
   3.5510630e-03
   5.2304690e-03
   6.1149730e-03
   5.5890820e-03
   4.0536110e-03
   2.2590170e-03
   3.3210900e-04
  -1.8882730e-03
  -4.4161990e-03
  -6.8438190e-03
  -7.9742960e-03
  -6.7968260e-03
  -3.9639060e-03
  -8.3939700e-04
   2.1587110e-03
   5.4876550e-03
   9.3674640e-03
   1.3047884e-02
   1.5502517e-02
   1.6761434e-02
   1.7462758e-02
   1.7519843e-02
   1.6558581e-02
   1.4942886e-02
   1.3256854e-02
   1.1631985e-02
   9.8357600e-03
   7.7197600e-03
   5.4614570e-03
   3.2514720e-03
   8.5151700e-04
  -2.1872540e-03
  -5.7617620e-03
  -9.0540080e-03
  -1.1470925e-02
  -1.3062155e-02
  -1.4043805e-02
  -1.4686005e-02
  -1.5307819e-02
  -1.5984678e-02
  -1.6687021e-02
  -1.7450526e-02
  -1.8296599e-02
  -1.9030543e-02
  -1.9349605e-02
  -1.9165099e-02
  -1.8531054e-02
  -1.7474991e-02
  -1.6177338e-02
  -1.4840949e-02
  -1.3546354e-02
  -1.2375103e-02
  -1.1413841e-02
  -1.0534128e-02
  -9.5354550e-03
  -8.4149680e-03
  -7.2931560e-03
  -6.2219040e-03
  -5.1830680e-03
  -4.0743040e-03
  -2.7915340e-03
  -1.3874590e-03
  -1.8859300e-05
   1.2951040e-03
   2.6519820e-03
   4.0865360e-03
   5.2503460e-03
   5.4273080e-03
   4.3790940e-03
   2.7245610e-03
   1.0675820e-03
  -4.7921400e-04
  -1.9933700e-03
  -3.3879650e-03
  -4.4191550e-03
  -4.9985630e-03
  -5.3259830e-03
  -5.6808240e-03
  -6.2414760e-03
  -6.9294460e-03
  -7.5043680e-03
  -7.9673640e-03
  -8.5145600e-03
  -8.6963130e-03
  -7.8667530e-03
  -6.3987640e-03
  -4.9664530e-03
  -3.6061090e-03
  -2.2098830e-03
  -8.8478900e-04
   1.2081500e-04
   6.5686900e-04
   8.5772500e-04
   9.9585900e-04
   1.2938810e-03
   1.8275190e-03
   2.3656430e-03
   2.5748160e-03
   2.3183440e-03
   1.7799150e-03
   1.3582030e-03
   1.2977550e-03
   1.4909250e-03
   1.7242580e-03
   1.7881720e-03
   1.5265010e-03
   1.0907220e-03
   9.2664400e-04
   1.3134530e-03
   2.1634000e-03
   3.1859260e-03
   4.1832740e-03
   5.1328130e-03
   6.0663490e-03
   6.9234320e-03
   7.5747050e-03
   7.9537050e-03
   8.1398410e-03
   8.1711350e-03
   7.8456520e-03
   6.9877540e-03
   5.8073280e-03
   4.6037620e-03
   3.4777710e-03
   2.4104950e-03
   1.3758380e-03
   3.4690000e-04
  -6.8101800e-04
  -1.6531060e-03
  -2.4165090e-03
  -2.8953050e-03
  -3.2084540e-03
  -3.4999930e-03
  -3.7427040e-03
  -3.8270060e-03
  -3.7269040e-03
  -3.5071290e-03
  -3.2111050e-03
  -2.8727770e-03
  -2.5109020e-03
  -2.1461730e-03
  -1.8037680e-03
  -1.4888860e-03
  -1.1718630e-03
  -8.5161900e-04
  -5.4192600e-04
  -2.4992800e-04
   2.7501500e-05
   2.5878600e-04
   3.8536100e-04
   3.9487200e-04
   3.6282300e-04
   3.2957100e-04
   2.6367900e-04
   1.3315000e-04
  -1.8155900e-05
  -1.0649300e-04
  -7.8569700e-05
   2.3328200e-05
   1.3197700e-04
   2.2314900e-04
   3.1356700e-04
   4.0564600e-04
   4.9097800e-04
   5.4925500e-04
   5.7160900e-04
   5.6552400e-04
   5.6559500e-04
   5.9007000e-04
   6.2239400e-04
   6.2423900e-04
   5.9179300e-04
   5.2989700e-04
   4.4616600e-04
   3.5341400e-04
   2.7539200e-04
   2.1698200e-04
   1.7509600e-04
   1.3966300e-04
   1.1115200e-04
   8.6229200e-05
   6.7024300e-05
   4.9127300e-05
   3.4725700e-05
   2.1271100e-05
   1.2681900e-05
   8.5708300e-06
   1.3406700e-05
   2.0765500e-05
   2.8264000e-05
   3.1547300e-05
   3.4690000e-05
   3.5683900e-05
   3.7360800e-05
   3.6760400e-05
   3.6694100e-05
   3.4513700e-05
   3.3623800e-05
   3.1314900e-05
   3.0623800e-05
   2.8540200e-05
   2.7797100e-05
   2.5366900e-05
   2.4227300e-05
   2.1667600e-05
   2.0807300e-05
   1.8766500e-05
   1.8382200e-05
   1.6649300e-05
   1.6416900e-05
   1.4855200e-05
   1.4771600e-05
   1.3303700e-05
   1.3267000e-05
   1.1783900e-05
   1.1833800e-05
   1.0373100e-05
   1.0417900e-05
   9.0409600e-06
   9.1818400e-06
   7.8933600e-06
   8.0353600e-06
   6.8254700e-06
   7.0351500e-06
   5.8765400e-06
   6.1435100e-06
   4.9886700e-06
   5.2799100e-06
   4.2204800e-06
   4.5341400e-06
   3.5035600e-06
   3.8832700e-06
   2.8761400e-06
   3.3210900e-06
   2.3020300e-06
   2.7543300e-06
   1.8349600e-06
   2.3059100e-06
   1.3670700e-06
   1.8790000e-06
   9.5695000e-07
   1.4870500e-06
   5.7113000e-07
   1.1802200e-06
   3.4651300e-07
   9.6530900e-07
   1.1392400e-07
   7.1543200e-07
  -1.1392400e-07
   5.3657400e-07
  -2.5252800e-07
   4.5625800e-07
