  -1.1454615e-01
  -4.1555472e-02
   9.1188400e-03
   6.0666546e-02
   1.0067258e-01
   1.1792025e-01
   1.0652374e-01
   6.8912196e-02
   1.5830753e-02
  -3.7049874e-02
  -7.4705253e-02
  -8.8229181e-02
  -7.7798010e-02
  -5.1920386e-02
  -2.3406681e-02
  -4.0197680e-03
  -1.5064200e-04
  -1.1236471e-02
  -3.1203812e-02
  -5.1814371e-02
  -6.6151752e-02
  -7.0773558e-02
  -6.5968266e-02
  -5.4562581e-02
  -4.0296556e-02
  -2.6625839e-02
  -1.6287429e-02
  -1.1270110e-02
  -1.2822604e-02
  -2.1131456e-02
  -3.4897992e-02
  -5.1238428e-02
  -6.6248593e-02
  -7.6216972e-02
  -7.8949893e-02
  -7.4560504e-02
  -6.5238401e-02
  -5.4119159e-02
  -4.3867395e-02
  -3.5705331e-02
  -2.9412786e-02
  -2.4192612e-02
  -1.9819532e-02
  -1.7298640e-02
  -1.8590177e-02
  -2.5493323e-02
  -3.8333255e-02
  -5.5187453e-02
  -7.2166014e-02
  -8.4663441e-02
  -8.8991668e-02
  -8.3644075e-02
  -6.9630851e-02
  -4.9805200e-02
  -2.7611566e-02
  -5.8504470e-03
   1.4018321e-02
   3.1822567e-02
   4.8067183e-02
   6.3142585e-02
   7.6731753e-02
   8.7614504e-02
   9.3926417e-02
   9.3803075e-02
   8.6115016e-02
   7.1277125e-02
   7.6731753e-02
   3.1025422e-02
   1.4446454e-02
   5.9870420e-03
   7.4780690e-03
   1.7392422e-02
   3.0974453e-02
   4.1774637e-02
   4.4139566e-02
   3.5659459e-02
   1.8421982e-02
  -1.6185490e-03
  -1.7035644e-02
  -2.2056021e-02
  -1.4979583e-02
   1.2947990e-03
   2.0834821e-02
   3.7576887e-02
   4.8044755e-02
   5.2502442e-02
   5.4024358e-02
   5.6097746e-02
   6.0176230e-02
   6.4668576e-02
   6.5928512e-02
   6.0747075e-02
   4.8857190e-02
   3.3889840e-02
   2.2026460e-02
   1.8897006e-02
   2.6296584e-02
   4.0580959e-02
   5.3746069e-02
   5.6880620e-02
   4.4386251e-02
   1.6860313e-02
  -1.8843999e-02
  -5.2483075e-02
  -7.4868351e-02
  -8.1753149e-02
  -7.5353569e-02
  -6.2837795e-02
  -5.2620691e-02
  -5.0360756e-02
  -5.6621701e-02
  -6.7212913e-02
  -7.5941743e-02
  -7.8225123e-02
  -7.3712390e-02
  -6.6563577e-02
  -6.3284276e-02
  -6.9249607e-02
  -8.5653243e-02
  -1.0838918e-01
  -1.2940851e-01
  -1.3986720e-01
  -1.3359810e-01
  -1.0937797e-01
  -7.1088544e-02
  -2.5998927e-02
   1.7872543e-02
   5.4117118e-02
   7.9049792e-02
   9.1569644e-02
   9.2310723e-02
   8.2870374e-02
   6.5601297e-02
   4.3874531e-02
   2.2138590e-02
   5.2236390e-03
  -3.2239490e-03
  -2.5203820e-03
   4.1024380e-03
   1.0338409e-02
   9.4314800e-03
  -2.5008100e-03
  -2.4136547e-02
  -4.9071257e-02
  -6.8717497e-02
  -7.6740927e-02
  -7.2830640e-02
  -6.3637996e-02
  -6.0026383e-02
  -7.1737878e-02
  -1.0200795e-01
  -1.4485190e-01
  -1.8677842e-01
  -2.1202812e-01
  -2.0938796e-01
  -1.7693135e-01
  -1.2276224e-01
  -6.1466747e-02
  -8.0297490e-03
   2.7702289e-02
   4.3697161e-02
   4.4635997e-02
   3.8237437e-02
   3.1178327e-02
   2.6698214e-02
   2.4679869e-02
   2.3526966e-02
   2.2242565e-02
   2.1324116e-02
   2.2083544e-02
   2.5092712e-02
   2.9088626e-02
   3.1231335e-02
   2.8645203e-02
   2.0316983e-02
   8.0996780e-03
  -3.8741000e-03
  -1.1081527e-02
  -1.0765524e-02
  -3.1440300e-03
   8.8850990e-03
   2.1241548e-02
   3.0404629e-02
   3.4464763e-02
   3.3120220e-02
   2.6995868e-02
   1.7016276e-02
   4.3909190e-03
  -8.9085450e-03
  -1.9801184e-02
  -2.4580991e-02
  -2.0338389e-02
  -6.7257770e-03
   1.3018323e-02
   3.2593208e-02
   4.4740992e-02
   4.3969332e-02
   2.8568750e-02
   8.9212900e-04
  -3.4017262e-02
  -7.0564589e-02
  -1.0418939e-01
  -1.3165111e-01
  -1.5031570e-01
  -1.5729836e-01
  -1.4980602e-01
  -1.2661544e-01
  -9.0001858e-02
  -4.6362801e-02
  -4.7967280e-03
   2.6308815e-02
   4.2890841e-02
   4.6823556e-02
   4.4307760e-02
   4.1564645e-02
   4.0403588e-02
   3.6520824e-02
   2.2171209e-02
  -7.8211870e-03
  -5.0002958e-02
  -9.0214907e-02
  -1.0774698e-01
  -8.4654264e-02
  -1.5851141e-02
   8.5272000e-02
   1.8958168e-01
   2.6281292e-01
   2.7963246e-01
   2.3462746e-01
   1.4474997e-01
   4.1971374e-02
  -4.0432132e-02
  -8.1550296e-02
  -8.0075274e-02
  -5.2189499e-02
  -2.1810354e-02
  -8.5240400e-03
  -1.9194661e-02
  -4.6879620e-02
  -7.6689958e-02
  -9.4765355e-02
  -9.5383092e-02
  -8.2822464e-02
  -6.7682841e-02
  -6.0414762e-02
  -6.5885700e-02
  -8.1741936e-02
  -1.0096106e-01
  -1.1650334e-01
  -1.2514756e-01
  -1.2849108e-01
  -1.3075407e-01
  -1.3524948e-01
  -1.4172245e-01
  -1.4619747e-01
  -1.4300685e-01
  -1.2818527e-01
  -1.0155433e-01
  -6.6872444e-02
  -3.0029501e-02
   3.6720620e-03
   3.1383220e-02
   5.2948925e-02
   6.9675701e-02
   8.2620631e-02
   9.1529889e-02
   9.5042624e-02
   9.1944771e-02
   8.2559469e-02
   6.9332174e-02
   5.6175220e-02
   4.6850059e-02
   4.3159954e-02
   4.3893898e-02
   4.4992775e-02
   4.0940795e-02
   2.6774666e-02
   1.4364900e-05
  -3.8217050e-02
  -8.3170068e-02
  -1.2755326e-01
  -1.6338397e-01
  -1.8408730e-01
  -1.8625855e-01
  -1.7046857e-01
  -1.4095792e-01
  -1.0423017e-01
  -6.7042679e-02
  -3.4386271e-02
  -8.3044690e-03
   1.2126377e-02
   2.9789951e-02
   4.7934665e-02
   6.8715459e-02
   9.2353535e-02
   1.1715573e-01
   1.4009146e-01
   1.5762456e-01
   1.6655420e-01
   1.6467857e-01
   1.5150836e-01
   1.2875611e-01
   1.0062671e-01
   7.3368863e-02
   5.3919363e-02
   4.7757295e-02
   5.6661458e-02
   7.7400457e-02
   1.0220163e-01
   1.2118223e-01
   1.2597324e-01
   1.1302730e-01
   8.5309716e-02
   5.1277165e-02
   2.1616674e-02
   5.1289400e-03
   5.4722620e-03
   2.0177330e-02
   4.2136511e-02
   6.2710373e-02
   7.4857140e-02
   7.4991695e-02
   6.2993758e-02
   4.0942832e-02
   1.1601404e-02
  -2.2364889e-02
  -5.8182351e-02
  -9.2257714e-02
  -1.1992840e-01
  -1.3622807e-01
  -1.3768576e-01
  -1.2418935e-01
  -9.9787771e-02
  -7.1759285e-02
  -4.8120189e-02
  -3.4533061e-02
  -3.2159976e-02
  -3.7457621e-02
  -4.3996855e-02
  -4.5486147e-02
  -3.8496354e-02
  -2.3590167e-02
  -4.5830690e-03
   1.3622807e-02
   2.7316970e-02
   3.5269042e-02
   3.8511646e-02
   3.9048852e-02
   3.8415825e-02
   3.7074340e-02
   3.4842948e-02
   3.2062117e-02
   3.0490256e-02
   3.3197691e-02
   4.3239466e-02
   6.1793964e-02
   8.6757216e-02
   1.1278265e-01
   1.3284377e-01
   1.4091715e-01
   1.3432185e-01
   1.1487235e-01
   8.8130302e-02
   6.1327093e-02
   4.0778716e-02
   3.0031541e-02
   2.9335314e-02
   3.6437235e-02
   4.8068200e-02
   6.1298553e-02
   7.4208821e-02
   8.5810226e-02
   9.5597159e-02
   1.0307829e-01
   1.0768582e-01
   1.0903138e-01
   1.0705381e-01
   1.0217105e-01
   9.4992675e-02
   8.6053854e-02
   7.5632876e-02
   6.4033511e-02
   5.1962181e-02
   4.0939774e-02
   3.3219099e-02
   3.1261916e-02
   3.6786880e-02
   4.9929565e-02
   6.8898945e-02
   9.0438147e-02
   1.1074392e-01
   1.2684990e-01
   1.3749208e-01
   1.4345537e-01
   1.4724741e-01
   1.5203843e-01
   1.6052975e-01
   1.7402616e-01
   1.9186506e-01
   2.1167134e-01
   2.3013206e-01
   2.4419931e-01
   2.5232365e-01
   2.5527982e-01
   2.5610550e-01
   2.5919418e-01
   2.6854177e-01
   2.8598311e-01
   3.1000956e-01
   3.3597282e-01
   3.5758337e-01
   3.6935706e-01
   3.6892892e-01
   3.5806248e-01
   3.4206864e-01
   3.2746112e-01
   3.1935715e-01
   3.1927562e-01
   3.2490251e-01
   3.3153859e-01
   3.3475978e-01
   3.3276183e-01
   3.2733879e-01
   3.2317979e-01
   3.2551413e-01
   3.3772614e-01
   3.5982598e-01
   3.8853132e-01
   4.1885747e-01
   4.4621726e-01
   4.6803169e-01
   4.8412747e-01
   4.9595212e-01
   5.0521814e-01
   5.1279203e-01
   5.1844952e-01
   5.2147704e-01
   5.2157898e-01
   5.1942811e-01
   5.1665545e-01
   5.1502446e-01
   5.1573802e-01
   5.1886747e-01
   5.2368907e-01
   5.2944848e-01
   5.3606418e-01
   5.4427006e-01
   5.5512632e-01
   5.6909164e-01
   5.8517721e-01
   6.0096719e-01
   6.1341365e-01
   6.2007011e-01
   6.2024340e-01
   6.1531987e-01
   6.0802121e-01
   6.0116088e-01
   5.9628830e-01
   5.9307731e-01
   5.8990708e-01
   5.8498354e-01
   5.7767469e-01
   5.6912221e-01
   5.6190509e-01
   5.5864312e-01
   5.6050856e-01
   5.6609469e-01
   5.7137499e-01
   5.7060028e-01
   5.5808248e-01
   5.2986642e-01
   4.8474929e-01
   4.2447418e-01
   3.5285351e-01
   2.7454583e-01
   1.9385282e-01
   1.1392434e-01
   3.6558541e-02
  -3.7528976e-02
  -1.0818531e-01
  -1.7534114e-01
  -2.3877628e-01
  -2.9810339e-01
  -3.5292487e-01
  -4.0314903e-01
  -4.4905108e-01
  -4.9133439e-01
  -5.3087559e-01
  -5.6859213e-01
  -6.0508543e-01
  -6.4035549e-01
  -6.7377032e-01
  -7.0403528e-01
  -7.2950923e-01
  -7.4879565e-01
  -7.6109940e-01
  -7.6667533e-01
  -7.6675687e-01
  -7.6320949e-01
  -7.5800052e-01
  -7.5265904e-01
  -7.4792918e-01
  -7.4394347e-01
  -7.4043685e-01
  -7.3719526e-01
  -7.3431045e-01
  -7.3204747e-01
  -7.3074267e-01
  -7.3037571e-01
  -7.3062036e-01
  -7.3086501e-01
  -7.3057958e-01
  -7.2969273e-01
  -7.2859180e-01
  -7.2803116e-01
  -7.2874472e-01
  -7.3110964e-01
  -7.3498323e-01
  -7.3988639e-01
  -7.4527882e-01
  -7.5074265e-01
  -7.5602295e-01
  -7.6099746e-01
  -7.6532976e-01
  -7.6860193e-01
  -7.7040621e-01
  -7.7074260e-01
  -7.7030427e-01
  -7.7042659e-01
  -7.7279153e-01
  -7.7880579e-01
  -7.8915234e-01
  -8.0352540e-01
  -8.2078326e-01
  -8.3933572e-01
  -8.5742948e-01
  -8.7321945e-01
  -8.8469751e-01
  -8.8962104e-01
  -8.8566592e-01
  -8.7108899e-01
  -8.4529903e-01
  -8.0947850e-01
  -7.6631854e-01
  -7.1940733e-01
  -6.7188448e-01
  -6.2570720e-01
  -5.8122209e-01
  -5.3766456e-01
  -4.9405610e-01
  -4.4996851e-01
  -4.0576881e-01
  -3.6209916e-01
  -3.1923484e-01
  -2.7669670e-01
  -2.3355713e-01
  -1.8941858e-01
  -1.4525965e-01
  -1.0368991e-01
  -6.8144614e-02
  -4.1266992e-02
  -2.3558567e-02
  -1.3057058e-02
  -6.4137490e-03
  -8.8259800e-04
   3.9934680e-03
   6.0727710e-03
   2.1116170e-03
  -9.6955970e-03
  -2.7616661e-02
  -4.6182373e-02
  -5.8210891e-02
  -5.8255744e-02
  -4.5279215e-02
  -2.3087619e-02
   2.2753270e-03
   2.6748163e-02
   5.1760345e-02
   8.4556406e-02
   1.3459708e-01
   2.0744097e-01
   2.9929605e-01
   3.9531012e-01
   4.7345470e-01
   5.1262894e-01
   5.0154843e-01
   4.4412754e-01
   3.5863332e-01
   2.7087611e-01
   2.0416881e-01
   1.7103941e-01
   1.6994869e-01
   1.8843999e-01
   2.1056023e-01
   2.2465806e-01
   2.2783848e-01
   2.2527988e-01
   2.2542259e-01
   2.3394449e-01
   2.5012182e-01
   2.6700252e-01
   2.7548364e-01
   2.6918397e-01
   2.4813406e-01
   2.1872535e-01
   1.9076414e-01
   1.7294563e-01
   1.6941862e-01
   1.7882737e-01
   1.9608524e-01
   2.1525951e-01
   2.3222176e-01
   2.4556526e-01
   2.5573853e-01
   2.6347552e-01
   2.6851119e-01
   2.6964267e-01
   2.6567735e-01
   2.5663557e-01
   2.4425028e-01
   2.3139607e-01
   2.2069273e-01
   2.1325136e-01
   2.0821569e-01
   2.0357757e-01
   1.9745119e-01
   1.8936761e-01
   1.8051952e-01
   1.7288447e-01
   1.6795073e-01
   1.6554503e-01
   1.6373056e-01
   1.5988755e-01
   1.5225250e-01
   1.4131470e-01
   1.3011187e-01
   1.2327193e-01
   1.2526988e-01
   1.3853183e-01
   1.6244616e-01
   1.9348585e-01
   2.2648273e-01
   2.5639092e-01
   2.7984653e-01
   2.9596272e-01
   3.0624811e-01
   3.1366911e-01
   3.2144687e-01
   3.3193613e-01
   3.4599318e-01
   3.6282292e-01
   3.8031524e-01
   3.9567708e-01
   4.0611540e-01
   4.0944873e-01
   4.0448441e-01
   3.9126323e-01
   3.7104921e-01
   3.4606454e-01
   3.1919406e-01
   2.9337352e-01
   2.7100863e-01
   2.5321050e-01
   2.3946945e-01
   2.2758364e-01
   2.1429111e-01
   1.9625853e-01
   1.7133503e-01
   1.3949004e-01
   1.0311906e-01
   6.6346452e-02
   3.3707374e-02
   8.5659360e-03
  -8.0287300e-03
  -1.7664593e-02
  -2.3854183e-02
  -3.0715534e-02
  -4.1505524e-02
  -5.7673688e-02
  -7.8670586e-02
  -1.0254822e-01
  -1.2687029e-01
  -1.4976525e-01
  -1.7040741e-01
  -1.8902103e-01
  -2.0659490e-01
  -2.2434206e-01
  -2.4315955e-01
  -2.6320029e-01
  -2.8364877e-01
  -3.0279247e-01
  -3.1840914e-01
  -3.2827662e-01
  -3.3079445e-01
  -3.2558549e-01
  -3.1366911e-01
  -2.9732867e-01
  -2.7942859e-01
  -2.6262945e-01
  -2.4866413e-01
  -2.3793021e-01
  -2.2962237e-01
  -2.2218100e-01
  -2.1389356e-01
  -2.0361835e-01
  -1.9108015e-01
  -1.7718619e-01
  -1.6388346e-01
  -1.5400581e-01
  -1.5069287e-01
  -1.5658480e-01
  -1.7286408e-01
  -1.9830745e-01
  -2.2893940e-01
  -2.5838888e-01
  -2.7933685e-01
  -2.8531033e-01
  -2.7267019e-01
  -2.4157954e-01
  -1.9600369e-01
  -1.4229329e-01
  -8.7314810e-02
  -3.6559561e-02
   6.9033500e-03
   4.2352618e-02
   7.0623711e-02
   9.2983504e-02
   1.1042791e-01
   1.2353696e-01
   1.3281319e-01
   1.3913326e-01
   1.4382234e-01
   1.4832794e-01
   1.5354709e-01
   1.5938806e-01
   1.6473973e-01
   1.6809345e-01
   1.6834829e-01
   1.6555522e-01
   1.6087634e-01
   1.5622803e-01
   1.5321070e-01
   1.5240540e-01
   1.5309857e-01
   1.5380194e-01
   1.5323109e-01
   1.5113120e-01
   1.4878665e-01
   1.4858278e-01
   1.5295586e-01
   1.6328204e-01
   1.7892931e-01
   1.9722693e-01
   2.1419937e-01
   2.2571820e-01
   2.2874572e-01
   2.2206887e-01
   2.0624831e-01
   1.8305774e-01
   1.5454607e-01
   1.2236469e-01
   8.7541110e-02
   5.0784812e-02
   1.3034632e-02
  -2.4178341e-02
  -5.8910179e-02
  -8.9473828e-02
  -1.1532087e-01
  -1.3760421e-01
  -1.5883760e-01
  -1.8187527e-01
  -2.0830743e-01
  -2.3740014e-01
  -2.6585064e-01
  -2.8910239e-01
  -3.0332253e-01
  -3.0730826e-01
  -3.0327157e-01
  -2.9579962e-01
  -2.8971401e-01
  -2.8767527e-01
  -2.8882715e-01
  -2.8954071e-01
  -2.8579964e-01
  -2.7598314e-01
  -2.6247653e-01
  -2.5102906e-01
  -2.4783844e-01
  -2.5585066e-01
  -2.7207897e-01
  -2.8775681e-01
  -2.9137557e-01
  -2.7340415e-01
  -2.3041748e-01
  -1.6660517e-01
  -9.1749051e-02
  -1.6709447e-02
   5.1350559e-02
   1.1168173e-01
   1.6920456e-01
   2.3087620e-01
   3.0103914e-01
   3.7828671e-01
   4.5535077e-01
   5.2210904e-01
   5.6981537e-01
   5.9457578e-01
   5.9796007e-01
   5.8497334e-01
   5.6037604e-01
   5.2580934e-01
   4.7920394e-01
   4.1708377e-01
   3.3818484e-01
   2.4658462e-01
   1.5214037e-01
   6.7835746e-02
   5.0390320e-03
  -3.1135514e-02
  -4.4098791e-02
  -4.4577893e-02
  -4.6396440e-02
  -6.1124240e-02
  -9.3908070e-02
  -1.4220155e-01
  -1.9757351e-01
  -2.4980582e-01
  -2.9086589e-01
  -3.1762423e-01
  -3.3192593e-01
  -3.3884744e-01
  -3.4389329e-01
  -3.5100848e-01
  -3.6158948e-01
  -3.7524898e-01
  -3.9089627e-01
  -4.0784832e-01
  -4.2592167e-01
  -4.4490226e-01
  -4.6367899e-01
  -4.7997865e-01
  -4.9087566e-01
  -4.9412746e-01
  -4.8944858e-01
  -4.7893891e-01
  -4.6623761e-01
  -4.5479011e-01
  -4.4567700e-01
  -4.3650270e-01
  -4.2167091e-01
  -3.9450483e-01
  -3.5000949e-01
  -2.8731848e-01
  -2.1061120e-01
  -1.2811391e-01
  -4.9572786e-02
   1.6855216e-02
   6.6815360e-02
   1.0041060e-01
   1.2122300e-01
   1.3433205e-01
   1.4427086e-01
   1.5386310e-01
   1.6410773e-01
   1.7510668e-01
   1.8691094e-01
   2.0017289e-01
   2.1604442e-01
   2.3542257e-01
   2.5827675e-01
   2.8319006e-01
   3.0736941e-01
   3.2734899e-01
   3.3966294e-01
   3.4159973e-01
   3.3156917e-01
   3.0939794e-01
   2.7628895e-01
   2.3468862e-01
   1.8800166e-01
   1.4013224e-01
   9.4814285e-02
   5.5079400e-02
   2.2956121e-02
  -4.4023400e-04
  -1.4520868e-02
  -1.8888851e-02
  -1.3295590e-02
   1.9296600e-03
   2.5161010e-02
   5.2916307e-02
   7.9974357e-02
   1.0032804e-01
   1.0883770e-01
   1.0283364e-01
   8.3049782e-02
   5.3387253e-02
   1.9522897e-02
  -1.2989780e-02
  -4.0312866e-02
  -6.0983569e-02
  -7.5518708e-02
  -8.5351511e-02
  -9.1750072e-02
  -9.5176161e-02
  -9.5344355e-02
  -9.1724586e-02
  -8.3952942e-02
  -7.1981508e-02
  -5.5948919e-02
  -3.6044780e-02
  -1.2732900e-02
   1.2690087e-02
   3.7504511e-02
   5.7486124e-02
   6.7741966e-02
   6.4391310e-02
   4.6469836e-02
   1.7076418e-02
  -1.6943901e-02
  -4.6948938e-02
  -6.5389268e-02
  -6.8465716e-02
  -5.7302638e-02
  -3.7140600e-02
  -1.4848084e-02
   4.0406650e-03
   1.7446448e-02
   2.7065186e-02
   3.6863331e-02
   5.0530990e-02
   6.9259801e-02
   9.0871377e-02
   1.1069295e-01
   1.2364909e-01
   1.2645235e-01
   1.1901098e-01
   1.0417920e-01
   8.6341316e-02
   6.9534010e-02
   5.6037604e-02
   4.6134465e-02
   3.8922450e-02
   3.3658444e-02
   3.0787910e-02
   3.2131435e-02
   4.0054966e-02
   5.6248613e-02
   8.0633885e-02
   1.1108031e-01
   1.4399564e-01
   1.7542269e-01
   2.0221162e-01
   2.2268049e-01
   2.3642155e-01
   2.4376098e-01
   2.4513712e-01
   2.4077424e-01
   2.3082523e-01
   2.1592210e-01
   1.9745119e-01
   1.7758374e-01
   1.5875605e-01
   1.4311898e-01
   1.3199770e-01
   1.2596305e-01
   1.2508640e-01
   1.2932696e-01
   1.3861338e-01
   1.5233405e-01
   1.6866429e-01
   1.8397517e-01
   1.9324120e-01
   1.9119228e-01
   1.7427080e-01
   1.4231368e-01
   9.9211830e-02
   5.1937715e-02
   8.3302590e-03
  -2.5655402e-02
  -4.7944859e-02
  -6.0693049e-02
  -6.8838803e-02
  -7.7547246e-02
  -8.9809198e-02
  -1.0528012e-01
  -1.2083564e-01
  -1.3267048e-01
  -1.3856241e-01
  -1.3929636e-01
  -1.3856241e-01
  -1.4116180e-01
  -1.5066229e-01
  -1.6744105e-01
  -1.8812399e-01
  -2.0672742e-01
  -2.1676817e-01
  -2.1358775e-01
  -1.9589155e-01
  -1.6594258e-01
  -1.2867456e-01
  -8.9992684e-02
  -5.5297545e-02
  -2.8427059e-02
  -1.1276226e-02
  -3.9400530e-03
  -5.1015190e-03
  -1.2545337e-02
  -2.3675794e-02
  -3.6061089e-02
  -4.8008058e-02
  -5.8923430e-02
  -6.9351544e-02
  -8.0512581e-02
  -9.3540078e-02
  -1.0868480e-01
  -1.2494369e-01
  -1.4034630e-01
  -1.5289470e-01
  -1.6160009e-01
  -1.6727795e-01
  -1.7239517e-01
  -1.8005061e-01
  -1.9245629e-01
  -2.0969377e-01
  -2.2909230e-01
  -2.4592204e-01
  -2.5488226e-01
  -2.5196688e-01
  -2.3562644e-01
  -2.0722690e-01
  -1.7046857e-01
  -1.3005071e-01
  -9.0361694e-02
  -5.4660440e-02
  -2.4747147e-02
  -1.2242590e-03
   1.6093750e-02
   2.7880679e-02
   3.5187493e-02
   3.9430095e-02
   4.2310823e-02
   4.5496340e-02
   5.0217025e-02
   5.6865328e-02
   6.4903030e-02
   7.3106888e-02
   8.0094641e-02
   8.4867311e-02
   8.7150693e-02
   8.7369856e-02
   8.6383109e-02
   8.5115019e-02
   8.4304622e-02
   8.4442238e-02
   8.5845902e-02
   8.8682800e-02
   9.2910109e-02
   9.8057907e-02
   1.0308848e-01
   1.0648297e-01
   1.0656452e-01
   1.0207931e-01
   9.2797978e-02
   7.9629810e-02
   6.4432084e-02
   4.9382165e-02
   3.6284330e-02
   2.6007083e-02
   1.8433195e-02
   1.2749210e-02
   7.9919310e-03
   3.4916340e-03
  -9.5879500e-04
  -5.2999890e-03
  -9.5586970e-03
  -1.4182439e-02
  -2.0146749e-02
  -2.8762429e-02
  -4.1276165e-02
  -5.8450444e-02
  -8.0223080e-02
  -1.0563689e-01
  -1.3295590e-01
  -1.6000987e-01
  -1.8456640e-01
  -2.0482120e-01
  -2.1963259e-01
  -2.2875591e-01
  -2.3275183e-01
  -2.3259892e-01
  -2.2934715e-01
  -2.2374063e-01
  -2.1617694e-01
  -2.0698226e-01
  -1.9680898e-01
  -1.8701288e-01
  -1.7959189e-01
  -1.7658476e-01
  -1.7933705e-01
  -1.8773663e-01
  -2.0020347e-01
  -2.1426053e-01
  -2.2770597e-01
  -2.3980584e-01
  -2.5150816e-01
  -2.6480070e-01
  -2.8111055e-01
  -2.9963243e-01
  -3.1637041e-01
  -3.2489231e-01
  -3.1836836e-01
  -2.9247647e-01
  -2.4775690e-01
  -1.9011175e-01
  -1.2944928e-01
  -7.6372935e-02
  -3.8844979e-02
  -1.9590175e-02
  -1.5755320e-02
  -2.0658470e-02
  -2.6847041e-02
  -2.9116149e-02
  -2.6215034e-02
  -2.0659490e-02
  -1.6939823e-02
  -1.9066221e-02
  -2.8623796e-02
  -4.4054959e-02
  -6.1409663e-02
  -7.5984558e-02
  -8.4082402e-02
  -8.4125214e-02
  -7.6779664e-02
  -6.4277139e-02
  -4.9336292e-02
  -3.4232346e-02
  -2.0330235e-02
  -8.0998820e-03
   2.5609530e-03
   1.1974492e-02
   2.0460713e-02
   2.8272113e-02
   3.5624802e-02
   4.2715511e-02
   4.9705304e-02
   5.6676747e-02
   6.3678771e-02
   7.0811275e-02
   7.8373950e-02
   8.6892792e-02
   9.6985535e-02
   1.0913332e-01
   1.2332289e-01
   1.3894977e-01
   1.5482130e-01
   1.6950017e-01
   1.8163063e-01
   1.9021369e-01
   1.9462754e-01
   1.9448483e-01
   1.8942877e-01
   1.7922492e-01
   1.6399559e-01
   1.4463783e-01
   1.2323115e-01
   1.0289480e-01
   8.7148653e-02
   7.8965185e-02
   7.9752134e-02
   8.8913176e-02
   1.0412823e-01
   1.2235449e-01
   1.4103947e-01
   1.5903128e-01
   1.7667651e-01
   1.9520858e-01
   2.1563667e-01
   2.3784866e-01
   2.6045820e-01
   2.8138578e-01
   2.9900041e-01
   3.1306766e-01
   3.2497387e-01
   3.3715530e-01
   3.5197686e-01
   3.7057010e-01
   3.9230300e-01
   4.1534065e-01
   4.3743031e-01
   4.5710407e-01
   4.7419884e-01
   4.8954031e-01
   5.0427014e-01
   5.1887765e-01
   5.3278180e-01
   5.4462685e-01
   5.5291429e-01
   5.5675731e-01
   5.5624762e-01
   5.5211918e-01
   5.4525885e-01
   5.3601320e-01
   5.2401526e-01
   5.0841896e-01
   4.8823551e-01
   4.6272079e-01
   4.3141605e-01
   3.9408688e-01
   3.5077403e-01
   3.0211969e-01
   2.5007086e-01
   1.9832784e-01
   1.5195688e-01
   1.1616694e-01
   9.4227131e-02
   8.5621645e-02
   8.5307679e-02
   8.4882603e-02
   7.5410656e-02
   5.0878592e-02
   1.0710478e-02
  -3.9859246e-02
  -9.1836716e-02
  -1.3611594e-01
  -1.6697214e-01
  -1.8396497e-01
  -1.9116170e-01
  -1.9460715e-01
  -1.9880694e-01
  -2.0460713e-01
  -2.0902099e-01
  -2.0714536e-01
  -1.9507606e-01
  -1.7226265e-01
  -1.4202826e-01
  -1.1028520e-01
  -8.2897897e-02
  -6.3229232e-02
  -5.1037616e-02
  -4.2969333e-02
  -3.4410737e-02
  -2.1658468e-02
  -3.3835810e-03
   1.9111073e-02
   4.2755266e-02
   6.4040647e-02
   8.0208811e-02
   8.9817354e-02
   9.2642016e-02
   8.9332137e-02
   8.1080368e-02
   6.9543183e-02
   5.6874505e-02
   4.5677788e-02
   3.8606446e-02
   3.7647222e-02
   4.3366885e-02
   5.4468801e-02
   6.7978458e-02
   8.0091583e-02
   8.7356604e-02
   8.7806146e-02
   8.1512580e-02
   7.0442265e-02
   5.7666552e-02
   4.6296544e-02
   3.8576886e-02
   3.5446412e-02
   3.6658437e-02
   4.1293495e-02
   4.8339354e-02
   5.7028430e-02
   6.6813323e-02
   7.7092609e-02
   8.6889734e-02
   9.4823459e-02
   9.9525794e-02
   1.0025464e-01
   9.7604290e-02
   9.3617549e-02
   9.1280143e-02
   9.3321933e-02
   1.0089786e-01
   1.1260936e-01
   1.2455633e-01
   1.3148801e-01
   1.2870514e-01
   1.1394473e-01
   8.8361699e-02
   5.6312833e-02
   2.3670697e-02
  -4.3317960e-03
  -2.4934711e-02
  -3.8581981e-02
  -4.8245570e-02
  -5.7741983e-02
  -6.9848993e-02
  -8.5139482e-02
  -1.0193456e-01
  -1.1739018e-01
  -1.2892941e-01
  -1.3550432e-01
  -1.3791002e-01
  -1.3817505e-01
  -1.3847067e-01
  -1.4016282e-01
  -1.4337382e-01
  -1.4731877e-01
  -1.5112100e-01
  -1.5459704e-01
  -1.5856237e-01
  -1.6450528e-01
  -1.7396499e-01
  -1.8779779e-01
  -2.0577941e-01
  -2.2687009e-01
  -2.4960195e-01
  -2.7279253e-01
  -2.9588116e-01
  -3.1895961e-01
  -3.4243560e-01
  -3.6652322e-01
  -3.9081470e-01
  -4.1407665e-01
  -4.3435183e-01
  -4.4934671e-01
  -4.5689002e-01
  -4.5543233e-01
  -4.4438240e-01
  -4.2418875e-01
  -3.9620717e-01
  -3.6227246e-01
  -3.2418895e-01
  -2.8327160e-01
  -2.4021359e-01
  -1.9516781e-01
  -1.4824639e-01
  -9.9987569e-02
  -5.1661467e-02
  -5.2625790e-03
   3.7018273e-02
   7.3497305e-02
   1.0361855e-01
   1.2825662e-01
   1.4932692e-01
   1.6910262e-01
   1.8920451e-01
   2.0984668e-01
   2.2958160e-01
   2.4549390e-01
   2.5410754e-01
   2.5229307e-01
   2.3830737e-01
   2.1240528e-01
   1.7700270e-01
   1.3633000e-01
   9.5508474e-02
   5.9456558e-02
   3.1559570e-02
   1.2777752e-02
   1.3411800e-03
  -6.6831670e-03
  -1.6061130e-02
  -3.0708398e-02
  -5.2254736e-02
  -7.9465692e-02
  -1.0881732e-01
  -1.3604458e-01
  -1.5789979e-01
  -1.7349608e-01
  -1.8434214e-01
  -1.9338391e-01
  -2.0313925e-01
  -2.1400569e-01
  -2.2363870e-01
  -2.2763461e-01
  -2.2133493e-01
  -2.0197717e-01
  -1.7015257e-01
  -1.2992838e-01
  -8.7478928e-02
  -4.9028445e-02
  -1.8767547e-02
   2.1732880e-03
   1.5427084e-02
   2.4074366e-02
   3.0966300e-02
   3.7527959e-02
   4.3482074e-02
   4.7497355e-02
   4.8216010e-02
   4.5096750e-02
   3.8600331e-02
   2.9764466e-02
   1.9465812e-02
   7.8749080e-03
  -5.5093670e-03
  -2.1326155e-02
  -3.9609503e-02
  -5.9306711e-02
  -7.8419823e-02
  -9.4742930e-02
  -1.0686013e-01
  -1.1498448e-01
  -1.2112106e-01
  -1.2849108e-01
  -1.4032592e-01
  -1.5858276e-01
  -1.8291503e-01
  -2.1040733e-01
  -2.3601380e-01
  -2.5386290e-01
  -2.5881701e-01
  -2.4800154e-01
  -2.2176306e-01
  -1.8383246e-01
  -1.4033611e-01
  -9.7986551e-02
  -6.2050843e-02
  -3.4728778e-02
  -1.4703335e-02
   1.8739000e-03
   1.9242571e-02
   3.9588096e-02
   6.1432090e-02
   7.9613501e-02
   8.7118072e-02
   7.8032464e-02
   5.0384201e-02
   7.4889760e-03
  -4.2778711e-02
  -9.0626729e-02
  -1.2774694e-01
  -1.4993854e-01
  -1.5789979e-01
  -1.5581009e-01
  -1.4875607e-01
  -1.4008127e-01
  -1.3011187e-01
  -1.1675818e-01
  -9.7442212e-02
  -7.1226157e-02
  -3.9861287e-02
  -7.2666520e-03
   2.2251739e-02
   4.6029471e-02
   6.4055936e-02
   7.8460597e-02
   9.1743956e-02
   1.0487237e-01
   1.1640140e-01
   1.2322096e-01
   1.2268069e-01
   1.1467867e-01
   1.0284383e-01
   9.3222037e-02
   9.1735800e-02
   1.0083466e-01
   1.1759406e-01
   1.3415875e-01
   1.4064192e-01
   1.2934735e-01
   9.8359641e-02
   5.2722627e-02
   2.7214010e-03
  -4.0098799e-02
  -6.7423922e-02
  -7.7135422e-02
  -7.3473860e-02
  -6.4620666e-02
  -5.8681840e-02
  -6.0187444e-02
  -6.8457560e-02
  -7.8448366e-02
  -8.3421852e-02
  -7.8065082e-02
  -6.0638003e-02
  -3.3312879e-02
  -9.0587000e-04
   3.1217063e-02
   5.8963185e-02
   8.0383121e-02
   9.5480951e-02
   1.0540244e-01
   1.1164096e-01
   1.1560629e-01
   1.1870517e-01
   1.2234430e-01
   1.2785907e-01
   1.3610574e-01
   1.4694160e-01
   1.5914341e-01
   1.7085593e-01
   1.8056029e-01
   1.8796089e-01
   1.9418921e-01
   2.0106993e-01
   2.0978551e-01
   2.1948988e-01
   2.2694144e-01
   2.2736958e-01
   2.1656430e-01
   1.9310869e-01
   1.5971426e-01
   1.2271127e-01
   8.9826528e-02
   6.7212913e-02
   5.6868389e-02
   5.5856156e-02
   5.7591119e-02
   5.4636995e-02
   4.1757307e-02
   1.7842982e-02
  -1.3982643e-02
  -4.8010099e-02
  -7.8419823e-02
  -1.0139022e-01
  -1.1598346e-01
  -1.2366948e-01
  -1.2686009e-01
  -1.2749210e-01
  -1.2613634e-01
  -1.2210985e-01
  -1.1420976e-01
  -1.0149215e-01
  -8.3885662e-02
  -6.2160936e-02
  -3.7597274e-02
  -1.1579997e-02
   1.4625863e-02
   3.9828665e-02
   6.2806194e-02
   8.2260795e-02
   9.7007960e-02
   1.0626890e-01
   1.0981629e-01
   1.0796105e-01
   1.0139531e-01
   9.0865261e-02
   7.7129306e-02
   6.1044729e-02
   4.3777690e-02
   2.6874565e-02
   1.2013228e-02
   4.7514700e-04
  -7.3862240e-03
  -1.2388354e-02
  -1.6188551e-02
  -2.0486198e-02
  -2.6066208e-02
  -3.2236429e-02
  -3.6967308e-02
  -3.7754257e-02
  -3.2820526e-02
  -2.2075389e-02
  -7.3443280e-03
   8.2314820e-03
   2.1381201e-02
   2.9861307e-02
   3.3069252e-02
   3.1877611e-02
   2.7862329e-02
   2.2368966e-02
   1.5903128e-02
   8.1184340e-03
  -1.6769590e-03
  -1.3845028e-02
  -2.7958150e-02
  -4.2853125e-02
  -5.7076337e-02
  -6.9490177e-02
  -7.9685874e-02
  -8.8021230e-02
  -9.5298485e-02
  -1.0228318e-01
  -1.0933719e-01
  -1.1629946e-01
  -1.2256856e-01
  -1.2731881e-01
  -1.2985703e-01
  -1.2962257e-01
  -1.2629944e-01
  -1.1987744e-01
  -1.1054004e-01
  -9.8736806e-02
  -8.5053857e-02
  -7.0177230e-02
  -5.4700197e-02
  -3.9165060e-02
  -2.4006068e-02
  -9.7238340e-03
   3.0192600e-03
   1.3458689e-02
   2.0956125e-02
   2.5405658e-02
   2.7575887e-02
   2.9182410e-02
   3.2574858e-02
   4.0047830e-02
   5.3026397e-02
   7.1439204e-02
   9.3593084e-02
   1.1652372e-01
   1.3686007e-01
   1.5164088e-01
   1.5901090e-01
   1.5854199e-01
   1.5108023e-01
   1.3835854e-01
   1.2268069e-01
   1.0645239e-01
   9.1994719e-02
   8.1148666e-02
   7.5075282e-02
   7.3903011e-02
   7.6599236e-02
   8.1095660e-02
   8.4793918e-02
   8.5313794e-02
   8.1227157e-02
   7.2517694e-02
   6.0536066e-02
   4.7468815e-02
   3.5540195e-02
   2.6284352e-02
   2.0210969e-02
   1.6911281e-02
   1.5525963e-02
   1.5249715e-02
   1.5667655e-02
   1.6706389e-02
   1.8333297e-02
   2.0192620e-02
   2.1473963e-02
   2.1080488e-02
   1.8060107e-02
   1.2084583e-02
   3.7369960e-03
  -5.6040660e-03
  -1.4202826e-02
  -2.0587115e-02
  -2.4047862e-02
  -2.4849084e-02
  -2.4027475e-02
  -2.2933695e-02
  -2.2605459e-02
  -2.3336345e-02
  -2.4514732e-02
  -2.4819522e-02
  -2.2716570e-02
  -1.7063167e-02
  -7.6778640e-03
   4.3880650e-03
   1.6972443e-02
   2.7306776e-02
   3.2822564e-02
   3.1949987e-02
   2.4718605e-02
   1.2809353e-02
  -9.1879500e-04
  -1.3345539e-02
  -2.2075389e-02
  -2.6145717e-02
  -2.6164066e-02
  -2.3847047e-02
  -2.1122282e-02
  -1.9233397e-02
  -1.8229321e-02
  -1.7029528e-02
  -1.3986720e-02
  -7.6705250e-03
   2.5241540e-03
   1.6225248e-02
   3.2409722e-02
   4.9979513e-02
   6.8209854e-02
   8.6855077e-02
   1.0581019e-01
   1.2461749e-01
   1.4201807e-01
   1.5609551e-01
   1.6476012e-01
   1.6667653e-01
   1.6191609e-01
   1.5224230e-01
   1.4067250e-01
   1.3060117e-01
   1.2465826e-01
   1.2404664e-01
   1.2833817e-01
   1.3582032e-01
   1.4438299e-01
   1.5231366e-01
   1.5878664e-01
   1.6393443e-01
   1.6851139e-01
   1.7331260e-01
   1.7873563e-01
   1.8458679e-01
   1.9019330e-01
   1.9473967e-01
   1.9771622e-01
   1.9907198e-01
   1.9938798e-01
   1.9954089e-01
   2.0039715e-01
   2.0233395e-01
   2.0515759e-01
   2.0790988e-01
   2.0910254e-01
   2.0722690e-01
   2.0108013e-01
   1.9016272e-01
   1.7489262e-01
   1.5642171e-01
   1.3636058e-01
   1.1644217e-01
   9.8139458e-02
   8.2426951e-02
   6.9677741e-02
   5.9760328e-02
   5.2190517e-02
   4.6316931e-02
   4.1507561e-02
   3.7225207e-02
   3.3019301e-02
   2.8431137e-02
   2.2807294e-02
   1.5184475e-02
   4.3624780e-03
  -1.0814453e-02
  -3.0954066e-02
  -5.5626800e-02
  -8.3049782e-02
  -1.1026482e-01
  -1.3380197e-01
  -1.5072345e-01
  -1.5942883e-01
  -1.6031568e-01
  -1.5540234e-01
  -1.4764496e-01
  -1.3982643e-01
  -1.3375101e-01
  -1.3003032e-01
  -1.2847069e-01
  -1.2877650e-01
  -1.3107007e-01
  -1.3596303e-01
  -1.4404660e-01
  -1.5529021e-01
  -1.6867448e-01
  -1.8251747e-01
  -1.9537168e-01
  -2.0675800e-01
  -2.1762444e-01
  -2.2976509e-01
  -2.4452551e-01
  -2.6169162e-01
  -2.7895968e-01
  -2.9285364e-01
  -3.0040715e-01
  -3.0095761e-01
  -2.9686994e-01
  -2.9251725e-01
  -2.9184447e-01
  -2.9562633e-01
  -2.9989746e-01
  -2.9671705e-01
  -2.7714523e-01
  -2.3519831e-01
  -1.7118212e-01
  -9.2441203e-02
  -1.1177348e-02
   5.9793969e-02
   1.1155941e-01
   1.4191613e-01
   1.5510672e-01
   1.5912303e-01
   1.6158989e-01
   1.6644207e-01
   1.7299660e-01
   1.7719638e-01
   1.7463778e-01
   1.6350630e-01
   1.4577952e-01
   1.2647273e-01
   1.1129438e-01
   1.0385300e-01
   1.0403649e-01
   1.0815473e-01
   1.1071334e-01
   1.0675820e-01
   9.3930495e-02
   7.3048784e-02
   4.7445369e-02
   2.1323097e-02
  -1.9085590e-03
  -2.0562650e-02
  -3.4676792e-02
  -4.5219074e-02
  -5.3106928e-02
  -5.8486120e-02
  -6.0679797e-02
  -5.8682860e-02
  -5.1925482e-02
  -4.0851092e-02
  -2.7092709e-02
  -1.3129433e-02
  -1.6355730e-03
   5.2359730e-03
   6.2912210e-03
   1.3921480e-03
  -8.8347430e-03
  -2.3345519e-02
  -4.1071274e-02
  -6.1007015e-02
  -8.2209826e-02
  -1.0361855e-01
  -1.2409761e-01
  -1.4263988e-01
  -1.5869489e-01
  -1.7249711e-01
  -1.8498434e-01
  -1.9750215e-01
  -2.1105972e-01
  -2.2585072e-01
  -2.4101889e-01
  -2.5511672e-01
  -2.6694136e-01
  -2.7631953e-01
  -2.8433174e-01
  -2.9273132e-01
  -3.0263955e-01
  -3.1313902e-01
  -3.2078426e-01
  -3.2021342e-01
  -3.0601366e-01
  -2.7508609e-01
  -2.2835836e-01
  -1.7112096e-01
  -1.1149825e-01
  -5.7721598e-02
  -1.5442375e-02
   1.3976527e-02
   3.3249680e-02
   4.7399497e-02
   6.1251662e-02
   7.7345411e-02
   9.5241399e-02
   1.1233413e-01
   1.2558589e-01
   1.3330249e-01
   1.3601400e-01
   1.3612613e-01
   1.3680910e-01
   1.4051960e-01
   1.4810368e-01
   1.5871528e-01
   1.7030547e-01
   1.8053990e-01
   1.8739004e-01
   1.8943897e-01
   1.8578964e-01
   1.7600373e-01
   1.6014239e-01
   1.3889880e-01
   1.1385298e-01
   8.7252630e-02
   6.1477961e-02
   3.8361799e-02
   1.8587119e-02
   1.5953080e-03
  -1.3951042e-02
  -2.9324101e-02
  -4.4987677e-02
  -6.0289380e-02
  -7.3795979e-02
  -8.4035509e-02
  -9.0284222e-02
  -9.2940689e-02
  -9.3304603e-02
  -9.2838755e-02
  -9.2385136e-02
  -9.1690947e-02
  -8.9561493e-02
  -8.4509515e-02
  -7.5633896e-02
  -6.3238406e-02
  -4.8894907e-02
  -3.4892897e-02
  -2.3398526e-02
  -1.5662558e-02
  -1.1702321e-02
  -1.0500489e-02
  -1.0665626e-02
  -1.1149825e-02
  -1.1734941e-02
  -1.3025458e-02
  -1.6062149e-02
  -2.1725747e-02
  -3.0256819e-02
  -4.1091662e-02
  -5.3098772e-02
  -6.5047779e-02
  -7.6098726e-02
  -8.5994732e-02
  -9.4985540e-02
  -1.0345545e-01
  -1.1153902e-01
  -1.1885807e-01
  -1.2471942e-01
  -1.2845030e-01
  -1.2988761e-01
  -1.2967354e-01
  -1.2905173e-01
  -1.2933715e-01
  -1.3117201e-01
  -1.3394469e-01
  -1.3576935e-01
  -1.3389372e-01
  -1.2591208e-01
  -1.1062159e-01
  -8.8765367e-02
  -6.2902015e-02
  -3.6654362e-02
  -1.3462766e-02
   4.4703280e-03
   1.6773667e-02
   2.4674772e-02
   3.0239492e-02
   3.5333262e-02
   4.0855167e-02
   4.6517746e-02
   5.1258816e-02
   5.3978485e-02
   5.4280217e-02
   5.2800099e-02
   5.1037616e-02
   5.0716514e-02
   5.3039648e-02
   5.8098761e-02
   6.4759299e-02
   7.0981509e-02
   7.4452452e-02
   7.3278140e-02
   6.6519744e-02
   5.4371960e-02
   3.8039680e-02
   1.9356740e-02
   3.8371000e-04
  -1.6994869e-02
  -3.1333272e-02
  -4.1794004e-02
  -4.8208874e-02
  -5.1073292e-02
  -5.1427012e-02
  -5.0615598e-02
  -4.9897963e-02
  -5.0038637e-02
  -5.1002957e-02
  -5.1903056e-02
  -5.1258816e-02
  -4.7560558e-02
  -3.9884732e-02
  -2.8353663e-02
  -1.4154916e-02
   8.4606400e-04
   1.4810368e-02
   2.6586084e-02
   3.6050896e-02
   4.3913265e-02
   5.1083486e-02
   5.7906102e-02
   6.3673675e-02
   6.6654302e-02
   6.4722602e-02
   5.6283272e-02
   4.1136512e-02
   2.0798124e-02
  -1.8269080e-03
  -2.3348577e-02
  -4.0908176e-02
  -5.2945868e-02
  -5.9381125e-02
  -6.1218021e-02
  -5.9796007e-02
  -5.6154833e-02
  -5.0744037e-02
  -4.3629883e-02
  -3.4934691e-02
  -2.5282314e-02
  -1.5886818e-02
  -8.2479960e-03
  -3.5269040e-03
  -2.0150830e-03
  -2.9121250e-03
  -4.6219070e-03
  -5.3512630e-03
  -3.8516740e-03
   1.2497400e-04
   5.7679800e-03
   1.1614656e-02
   1.6129427e-02
   1.8219128e-02
   1.7467855e-02
   1.4094773e-02
   8.6423880e-03
   1.6930650e-03
  -6.3353590e-03
  -1.5168165e-02
  -2.4595262e-02
  -3.4366904e-02
  -4.4192572e-02
  -5.3759323e-02
  -6.2801099e-02
  -7.1064079e-02
  -7.8241432e-02
  -8.3824500e-02
  -8.7105841e-02
  -8.7308694e-02
  -8.3856101e-02
  -7.6637970e-02
  -6.6145637e-02
  -5.3380117e-02
  -3.9552419e-02
  -2.5669673e-02
  -1.2286418e-02
   5.1514700e-04
   1.2889882e-02
   2.4926556e-02
   3.6399520e-02
   4.6792975e-02
   5.5536077e-02
   6.2379081e-02
   6.7628815e-02
   7.2113005e-02
   7.6846941e-02
   8.2584952e-02
   8.9456498e-02
   9.6881560e-02
   1.0384281e-01
   1.0938816e-01
   1.1306807e-01
   1.1511700e-01
   1.1623830e-01
   1.1731883e-01
   1.1887846e-01
   1.2096816e-01
   1.2306805e-01
   1.2463788e-01
   1.2524949e-01
   1.2493349e-01
   1.2403645e-01
   1.2302728e-01
   1.2219140e-01
   1.2143707e-01
   1.2040751e-01
   1.1866439e-01
   1.1597326e-01
   1.1243607e-01
   1.0829744e-01
   1.0376126e-01
   9.8747000e-02
   9.2794920e-02
   8.5207780e-02
   7.5439196e-02
   6.3416794e-02
   4.9769524e-02
   3.5739990e-02
   2.2926560e-02
   1.2844011e-02
   6.5750120e-03
   4.5531000e-03
   6.5678770e-03
   1.1887846e-02
   1.9449502e-02
   2.8016254e-02
   3.6331223e-02
   4.3199709e-02
   4.7588081e-02
   4.8695112e-02
   4.6040682e-02
   3.9480043e-02
   2.9189545e-02
   1.5588144e-02
  -6.6037600e-04
  -1.8668668e-02
  -3.7278213e-02
  -5.5057993e-02
  -7.0347465e-02
  -8.1463649e-02
  -8.6975361e-02
  -8.6033466e-02
  -7.8558456e-02
  -6.5291409e-02
  -4.7629873e-02
  -2.7333279e-02
  -6.1494270e-03
   1.4446454e-02
   3.3412778e-02
   5.0123244e-02
   6.4319954e-02
   7.5968249e-02
   8.5172103e-02
   9.2102772e-02
   9.6990633e-02
   1.0010989e-01
   1.0179490e-01
   1.0240550e-01
   1.0241570e-01
   1.0225260e-01
   1.0244628e-01
   1.0345545e-01
   1.0556554e-01
   1.0894983e-01
   1.1347582e-01
   1.1883768e-01
   1.2467865e-01
   1.3054000e-01
   1.3604458e-01
   1.4082541e-01
   1.4431164e-01
   1.4583049e-01
   1.4446454e-01
   1.3929636e-01
   1.2964296e-01
   1.1545339e-01
   9.7422842e-02
   7.7101783e-02
   5.6564617e-02
   3.7975460e-02
   2.3087619e-02
   1.2858282e-02
   7.3089560e-03
   5.6452490e-03
   6.5818420e-03
   8.7154770e-03
   1.0864402e-02
   1.2232391e-02
   1.2418935e-02
   1.1308846e-02
   8.9317860e-03
   5.3145660e-03
   4.2616600e-04
  -5.8356660e-03
  -1.3565722e-02
  -2.2777732e-02
  -3.3313899e-02
  -4.4806229e-02
  -5.6680825e-02
  -6.8252666e-02
  -7.8859170e-02
  -8.8024288e-02
  -9.5540073e-02
  -1.0147177e-01
  -1.0604464e-01
  -1.0946971e-01
  -1.1177348e-01
  -1.1271129e-01
  -1.1186522e-01
  -1.0879693e-01
  -1.0336371e-01
  -9.5743946e-02
  -8.6580866e-02
  -7.6769470e-02
  -6.7211893e-02
  -5.8575826e-02
  -5.1131396e-02
  -4.4765455e-02
  -3.9080453e-02
  -3.3596264e-02
  -2.7919413e-02
  -2.1835838e-02
  -1.5318012e-02
  -8.4919300e-03
  -1.6045840e-03
   4.9804180e-03
   1.0785911e-02
   1.5200785e-02
   1.7538191e-02
   1.7133503e-02
   1.3538199e-02
   6.6527900e-03
  -3.1530010e-03
  -1.5092732e-02
  -2.8071301e-02
  -4.0949968e-02
  -5.2760344e-02
  -6.2925460e-02
  -7.1288339e-02
  -7.8034501e-02
  -8.3498303e-02
  -8.7954972e-02
  -9.1416739e-02
  -9.3603277e-02
  -9.4016122e-02
  -9.2155778e-02
  -8.7725614e-02
  -8.0803101e-02
  -7.1884667e-02
  -6.1783770e-02
  -5.1411723e-02
  -4.1571781e-02
  -3.2806254e-02
  -2.5368960e-02
  -1.9279268e-02
  -1.4447474e-02
  -1.0772659e-02
  -8.1844890e-03
  -6.5995790e-03
  -5.8756250e-03
  -5.7904060e-03
  -6.1014150e-03
  -6.6317910e-03
  -7.4011060e-03
  -8.6725620e-03
  -1.0923526e-02
  -1.4652366e-02
  -2.0186504e-02
  -2.7483126e-02
  -3.6069245e-02
  -4.5102865e-02
  -5.3599282e-02
  -6.0689991e-02
  -6.5845942e-02
  -6.8934621e-02
  -7.0148687e-02
  -6.9798025e-02
  -6.8106897e-02
  -6.5042684e-02
  -6.0348502e-02
  -5.3683889e-02
  -4.4880645e-02
  -3.4095753e-02
  -2.1876613e-02
  -9.0163940e-03
   3.6965270e-03
   1.5766533e-02
   2.7119212e-02
   3.8059047e-02
   4.9015193e-02
   6.0261857e-02
   7.1687930e-02
   8.2791883e-02
   9.2906033e-02
   1.0146463e-01
   1.0832802e-01
   1.1385298e-01
   1.1865420e-01
   1.2340444e-01
   1.2841972e-01
   1.3362868e-01
   1.3859300e-01
   1.4293549e-01
   1.4653386e-01
   1.4960215e-01
   1.5259908e-01
   1.5584067e-01
   1.5915361e-01
   1.6172241e-01
   1.6230345e-01
   1.5969387e-01
   1.5320051e-01
   1.4298646e-01
   1.2998955e-01
   1.1554513e-01
   1.0075719e-01
   8.6178218e-02
   7.1596187e-02
   5.6383169e-02
   3.9994822e-02
   2.2470903e-02
   4.6305720e-03
  -1.2093758e-02
  -2.6140621e-02
  -3.6398500e-02
  -4.2589110e-02
  -4.5323048e-02
  -4.5819479e-02
  -4.5459644e-02
  -4.5352611e-02
  -4.6105922e-02
  -4.7864327e-02
  -5.0517739e-02
  -5.3967271e-02
  -5.8259822e-02
  -6.3584990e-02
  -7.0102817e-02
  -7.7767429e-02
  -8.6177198e-02
  -9.4625704e-02
  -1.0229337e-01
  -1.0855228e-01
  -1.1320059e-01
  -1.1657469e-01
  -1.1950027e-01
  -1.2282340e-01
  -1.2705377e-01
  -1.3188557e-01
  -1.3609555e-01
  -1.3761440e-01
  -1.3423011e-01
  -1.2428110e-01
  -1.0728827e-01
  -8.4344377e-02
  -5.7865327e-02
  -3.0933679e-02
  -6.3550330e-03
   1.4097831e-02
   3.0092703e-02
   4.2512656e-02
   5.2821506e-02
   6.2257774e-02
   7.1286299e-02
   7.9483021e-02
   8.5888717e-02
   8.9628770e-02
   9.0496251e-02
   8.9152726e-02
   8.6913179e-02
   8.5190450e-02
   8.4936629e-02
   8.6291366e-02
   8.8628771e-02
   9.0944772e-02
   9.2413680e-02
   9.2741914e-02
   9.2255677e-02
   9.1578817e-02
   9.1203692e-02
   9.1041611e-02
   9.0292378e-02
   8.7634891e-02
   8.1733782e-02
   7.1778655e-02
   5.7869405e-02
   4.1031517e-02
   2.2965296e-02
   5.5111000e-03
  -9.8510510e-03
  -2.2319018e-02
  -3.1771599e-02
  -3.8563634e-02
  -4.3200729e-02
  -4.6100824e-02
  -4.7499396e-02
  -4.7563615e-02
  -4.6535076e-02
  -4.4816423e-02
  -4.2866376e-02
  -4.0991763e-02
  -3.9104916e-02
  -3.6691059e-02
  -3.2971393e-02
  -2.7325123e-02
  -1.9713518e-02
  -1.0904158e-02
  -2.3141650e-03
   4.4408680e-03
   8.1569660e-03
   8.4681790e-03
   5.9162980e-03
   1.6000990e-03
  -3.3844990e-03
  -8.4412670e-03
  -1.3581013e-02
  -1.9195680e-02
  -2.5549388e-02
  -3.2417875e-02
  -3.9018271e-02
  -4.4382173e-02
  -4.7905102e-02
  -4.9790929e-02
  -5.1019266e-02
  -5.2852087e-02
  -5.6060029e-02
  -6.0297534e-02
  -6.4001910e-02
  -6.4932591e-02
  -6.1145648e-02
  -5.1942811e-02
  -3.8316946e-02
  -2.2688028e-02
  -8.0249580e-03
   3.2196670e-03
   9.9013050e-03
   1.2343502e-02
   1.1898039e-02
   1.0170418e-02
   8.3390250e-03
   6.8397420e-03
   5.5046780e-03
   3.9673720e-03
   2.0654390e-03
   4.4272100e-06
  -1.7395480e-03
  -2.6718600e-03
  -2.4784860e-03
  -1.0755330e-03
   1.4727800e-03
   5.0448420e-03
   9.4569640e-03
   1.4322092e-02
   1.8908219e-02
   2.2125338e-02
   2.2778752e-02
   2.0003018e-02
   1.3674794e-02
   4.5813360e-03
  -5.7830670e-03
  -1.5747165e-02
  -2.4044804e-02
  -3.0177310e-02
  -3.4375058e-02
  -3.7191568e-02
  -3.8983612e-02
  -3.9563630e-02
  -3.8245590e-02
  -3.4238465e-02
  -2.7184452e-02
  -1.7524939e-02
  -6.4918320e-03
   4.2725710e-03
   1.3281319e-02
   1.9647259e-02
   2.3217079e-02
   2.4369982e-02
   2.3651329e-02
   2.1440324e-02
   1.7880698e-02
   1.3030555e-02
   7.1213930e-03
   7.2325000e-04
  -5.3254740e-03
  -1.0172559e-02
  -1.3274183e-02
  -1.4576933e-02
  -1.4474997e-02
  -1.3548393e-02
  -1.2255837e-02
  -1.0729846e-02
  -8.8060990e-03
  -6.2253700e-03
  -2.9006060e-03
   9.3171100e-04
   4.7394400e-03
   7.9044690e-03
   9.9702150e-03
   1.0815473e-02
   1.0640142e-02
   9.8242410e-03
   8.7194530e-03
   7.5285270e-03
   6.2776630e-03
   4.9363820e-03
   3.5421950e-03
   2.2890880e-03
   1.4936770e-03
   1.4775710e-03
   2.4198730e-03
   4.2633960e-03
   6.7219030e-03
   9.3877490e-03
   1.1892943e-02
   1.4053998e-02
   1.5950019e-02
   1.7901086e-02
   2.0358777e-02
   2.3729820e-02
   2.8218087e-02
   3.3712470e-02
   3.9778717e-02
   4.5782783e-02
   5.1095717e-02
   5.5316912e-02
   5.8413747e-02
   6.0669604e-02
   6.2499364e-02
   6.4125254e-02
   6.5317912e-02
   6.5299563e-02
   6.2944827e-02
   5.7168080e-02
   4.7389303e-02
   3.3833776e-02
   1.7593237e-02
   3.0943900e-04
  -1.6298642e-02
  -3.0939794e-02
  -4.2986662e-02
  -5.2454534e-02
  -5.9699166e-02
  -6.5052877e-02
  -6.8531973e-02
  -6.9832683e-02
  -6.8541147e-02
  -6.4487128e-02
  -5.7955032e-02
  -4.9756272e-02
  -4.1031517e-02
  -3.2943870e-02
  -2.6336338e-02
  -2.1611578e-02
  -1.8750217e-02
  -1.7524939e-02
  -1.7621779e-02
  -1.8759392e-02
  -2.0607502e-02
  -2.2701280e-02
  -2.4327168e-02
  -2.4645211e-02
  -2.2904134e-02
  -1.8787934e-02
  -1.2579995e-02
  -5.1756270e-03
   2.2052960e-03
   8.4161910e-03
   1.2836875e-02
   1.5519847e-02
   1.7083554e-02
   1.8292522e-02
   1.9642163e-02
   2.1018307e-02
   2.1694146e-02
   2.0607502e-02
   1.6881720e-02
   1.0238512e-02
   1.2213020e-03
  -8.9624690e-03
  -1.8771624e-02
  -2.6839906e-02
  -3.2314921e-02
  -3.5025414e-02
  -3.5329186e-02
  -3.3877609e-02
  -3.1356717e-02
  -2.8359781e-02
  -2.5355709e-02
  -2.2786907e-02
  -2.1122282e-02
  -2.0866421e-02
  -2.2405664e-02
  -2.5875585e-02
  -3.1046829e-02
  -3.7344470e-02
  -4.3945886e-02
  -4.9985628e-02
  -5.4728738e-02
  -5.7691015e-02
  -5.8638008e-02
  -5.7570731e-02
  -5.4675732e-02
  -5.0325077e-02
  -4.5051897e-02
  -3.9528974e-02
  -3.4474957e-02
  -3.0506565e-02
  -2.7937763e-02
  -2.6660498e-02
  -2.6138581e-02
  -2.5566717e-02
  -2.4128392e-02
  -2.1279264e-02
  -1.6959191e-02
  -1.1622811e-02
  -6.0887750e-03
  -1.2884790e-03
   2.0168160e-03
   3.4236420e-03
   2.9406670e-03
   8.7902000e-04
  -2.3316980e-03
  -6.3490190e-03
  -1.1026482e-02
  -1.6411792e-02
  -2.2621769e-02
  -2.9689032e-02
  -3.7436213e-02
  -4.5455566e-02
  -5.3247599e-02
  -6.0386219e-02
  -6.6721580e-02
  -7.2431049e-02
  -7.7936643e-02
  -8.3652228e-02
  -8.9730707e-02
  -9.5922336e-02
  -1.0162773e-01
  -1.0615677e-01
  -1.0905177e-01
  -1.1036675e-01
  -1.1058082e-01
  -1.1037695e-01
  -1.1016288e-01
  -1.0966339e-01
  -1.0788969e-01
  -1.0343506e-01
  -9.5019178e-02
  -8.2274046e-02
  -6.6017197e-02
  -4.8202758e-02
  -3.1337347e-02
  -1.7658476e-02
  -8.3901970e-03
  -3.4281280e-03
  -1.5347570e-03
  -9.7129300e-04
  -2.4833800e-04
   1.3215060e-03
   3.4905130e-03
   5.3540160e-03
   5.8695090e-03
   4.3453530e-03
   7.0262900e-04
  -4.5722640e-03
  -1.0680916e-02
  -1.6820558e-02
  -2.2384257e-02
  -2.7018293e-02
  -3.0551418e-02
  -3.2919405e-02
  -3.4130410e-02
  -3.4297586e-02
  -3.3661501e-02
  -3.2580974e-02
  -3.1413801e-02
  -3.0374048e-02
  -2.9445404e-02
  -2.8402593e-02
  -2.6966307e-02
  -2.5004027e-02
  -2.2681912e-02
  -2.0451539e-02
  -1.8847057e-02
  -1.8238496e-02
  -1.8578964e-02
  -1.9353682e-02
  -1.9708421e-02
  -1.8747159e-02
  -1.5853179e-02
  -1.0889886e-02
  -4.2369950e-03
   3.3651310e-03
   1.1062159e-02
   1.8131462e-02
   2.4141644e-02
   2.9000961e-02
   3.2888824e-02
   3.6122251e-02
   3.9005019e-02
   4.1678816e-02
   4.4013164e-02
   4.5561580e-02
   4.5628858e-02
   4.3411738e-02
   3.8248648e-02
   2.9853151e-02
   1.8489260e-02
   5.0048830e-03
  -9.3230190e-03
  -2.3049903e-02
  -3.4863336e-02
  -4.3799097e-02
  -4.9330176e-02
  -5.1313862e-02
  -4.9880634e-02
  -4.5324068e-02
  -3.8072298e-02
  -2.8721655e-02
  -1.8065203e-02
  -7.0643080e-03
   3.2804220e-03
   1.2130455e-02
   1.9017291e-02
   2.3921461e-02
   2.7227265e-02
   2.9524916e-02
   3.1384240e-02
   3.3155896e-02
   3.4910226e-02
   3.6522862e-02
   3.7823572e-02
   3.8743042e-02
   3.9382185e-02
   3.9981570e-02
   4.0816433e-02
   4.2090640e-02
   4.3883704e-02
   4.6151792e-02
   4.8798068e-02
   5.1739958e-02
   5.4942805e-02
   5.8403553e-02
   6.2106910e-02
   6.5990694e-02
   6.9927484e-02
   7.3738895e-02
   7.7259783e-02
   8.0378026e-02
   8.3071189e-02
   8.5409615e-02
   8.7529897e-02
   8.9605325e-02
   9.1789826e-02
   9.4182278e-02
   9.6797971e-02
   9.9534970e-02
   1.0220163e-01
   1.0452579e-01
   1.0627909e-01
   1.0730865e-01
   1.0768582e-01
   1.0761446e-01
   1.0746156e-01
   1.0747175e-01
   1.0768582e-01
   1.0780814e-01
   1.0715575e-01
   1.0487237e-01
   1.0014863e-01
   9.2597165e-02
   8.2382098e-02
   7.0272031e-02
   5.7428020e-02
   4.5084518e-02
   3.4206864e-02
   2.5284353e-02
   1.8306793e-02
   1.2938812e-02
   8.7717460e-03
   5.5279200e-03
   3.1301670e-03
   1.6062150e-03
   9.1278100e-04
   7.9763300e-04
   7.8508500e-04
   3.1604400e-04
  -1.0305790e-03
  -3.3571800e-03
  -6.4086520e-03
  -9.7043640e-03
  -1.2761442e-02
  -1.5309857e-02
  -1.7349609e-02
  -1.9058066e-02
  -2.0580999e-02
  -2.1859283e-02
  -2.2588130e-02
  -2.2359792e-02
  -2.0903118e-02
  -1.8287425e-02
  -1.4976525e-02
  -1.1699263e-02
  -9.1790850e-03
  -7.8957030e-03
  -7.9842860e-03
  -9.3055880e-03
  -1.1628927e-02
  -1.4769593e-02
  -1.8614642e-02
  -2.2987722e-02
  -2.7458661e-02
  -3.1259876e-02
  -3.3413796e-02
  -3.3048864e-02
  -2.9754272e-02
  -2.3815447e-02
  -1.6158989e-02
  -8.0233270e-03
  -5.0698200e-04
   5.7784800e-03
   1.0774698e-02
   1.4753283e-02
   1.7927589e-02
   2.0150826e-02
   2.0853169e-02
   1.9297617e-02
   1.4986718e-02
   8.0162940e-03
  -8.4546200e-04
  -1.0383262e-02
  -1.9340430e-02
  -2.6808304e-02
  -3.2362831e-02
  -3.5943864e-02
  -3.7542228e-02
  -3.6952016e-02
  -3.3749169e-02
  -2.7538170e-02
  -1.8354703e-02
  -6.9586000e-03
   5.1754230e-03
   1.6209957e-02
   2.4538177e-02
   2.9319003e-02
   3.0739999e-02
   2.9862324e-02
   2.8152850e-02
   2.6904125e-02
   2.6817481e-02
   2.7900046e-02
   2.9664569e-02
   3.1488214e-02
   3.2953043e-02
   3.3973430e-02
   3.4743050e-02
   3.5543253e-02
   3.6561599e-02
   3.7813379e-02
   3.9176271e-02
   4.0493294e-02
   4.1641099e-02
   4.2526927e-02
   4.3037631e-02
   4.2977489e-02
   4.2096756e-02
   4.0168114e-02
   3.7131424e-02
   3.3168130e-02
   2.8676802e-02
   2.4123295e-02
   1.9834823e-02
   1.5859295e-02
   1.1949008e-02
   7.7212890e-03
   2.9046830e-03
  -2.4294550e-03
  -7.7846940e-03
  -1.2355735e-02
  -1.5295586e-02
  -1.6042781e-02
  -1.4532081e-02
  -1.1233413e-02
  -6.9741960e-03
  -2.6392400e-03
   1.1111090e-03
   3.9941820e-03
   6.0709360e-03
   7.5530940e-03
   8.5685860e-03
   8.9992680e-03
   8.4977400e-03
   6.6485090e-03
   3.2243570e-03
  -1.6171220e-03
  -7.2814330e-03
  -1.2888863e-02
  -1.7546346e-02
  -2.0643180e-02
  -2.2022382e-02
  -2.1968356e-02
  -2.1021365e-02
  -1.9727789e-02
  -1.8415865e-02
  -1.7149813e-02
  -1.5805269e-02
  -1.4231368e-02
  -1.2393451e-02
  -1.0382242e-02
  -8.3220020e-03
  -6.1901000e-03
  -3.7109000e-03
  -3.6036600e-04
   4.4641090e-03
   1.1200793e-02
   1.9919430e-02
   3.0243568e-02
   4.1450477e-02
   5.2687968e-02
   6.3204767e-02
   7.2498327e-02
   8.0328075e-02
   8.6618583e-02
   9.1334169e-02
   9.4415712e-02
   9.5803070e-02
   9.5514590e-02
   9.3725601e-02
   9.0751093e-02
   8.6953953e-02
   8.2571700e-02
   7.7612486e-02
   7.1837777e-02
   6.4888759e-02
   5.6508550e-02
   4.6726715e-02
   3.5932650e-02
   2.4783844e-02
   1.3966333e-02
   3.9444360e-03
  -5.2048830e-03
  -1.3773673e-02
  -2.2235430e-02
  -3.0960182e-02
  -3.9973417e-02
  -4.8871462e-02
  -5.6952996e-02
  -6.3472860e-02
  -6.7932585e-02
  -7.0259797e-02
  -7.0775598e-02
  -6.9999860e-02
  -6.8382126e-02
  -6.6080399e-02
  -6.2934634e-02
  -5.8600291e-02
  -5.2815388e-02
  -4.5632936e-02
  -3.7534075e-02
  -2.9333274e-02
  -2.1944910e-02
  -1.6113118e-02
  -1.2229333e-02
  -1.0279286e-02
  -9.9658310e-03
  -1.0881732e-02
  -1.2666641e-02
  -1.5067248e-02
  -1.7911279e-02
  -2.1018307e-02
  -2.4157954e-02
  -2.7064166e-02
  -2.9523896e-02
  -3.1462729e-02
  -3.2998914e-02
  -3.4396465e-02
  -3.5963231e-02
  -3.7923471e-02
  -4.0363834e-02
  -4.3256796e-02
  -4.6540171e-02
  -5.0216005e-02
  -5.4367882e-02
  -5.9086529e-02
  -6.4363786e-02
  -6.9986609e-02
  -7.5551326e-02
  -8.0589035e-02
  -8.4766395e-02
  -8.8030406e-02
  -9.0609402e-02
  -9.2817348e-02
  -9.4731716e-02
  -9.5937625e-02
  -9.5472795e-02
  -9.2095636e-02
  -8.4799016e-02
  -7.3375999e-02
  -5.8774603e-02
  -4.3008070e-02
  -2.8647241e-02
  -1.7993848e-02
  -1.2328212e-02
  -1.1492332e-02
  -1.4020359e-02
  -1.7741045e-02
  -2.0579979e-02
  -2.1237470e-02
  -1.9411786e-02
  -1.5583047e-02
  -1.0471946e-02
  -4.5126310e-03
   2.3612590e-03
   1.0540244e-02
   2.0276208e-02
   3.1229295e-02
   4.2311843e-02
   5.1962181e-02
   5.8731788e-02
   6.1888765e-02
   6.1730764e-02
   5.9415784e-02
   5.6406616e-02
   5.3802135e-02
   5.1911210e-02
   5.0296536e-02
   4.8210911e-02
   4.5193591e-02
   4.1444362e-02
   3.7745084e-02
   3.4969350e-02
   3.3430108e-02
   3.2502482e-02
   3.0756309e-02
   2.6639090e-02
   1.9364895e-02
   9.5744970e-03
