  -8.1408600e-03
  -5.5923440e-03
  -3.5927550e-03
  -2.1992820e-03
  -2.2008110e-03
  -6.9606390e-03
  -1.1306807e-02
  -1.0647277e-02
  -5.3333230e-03
   5.2608500e-04
   9.6238340e-03
   5.9057990e-03
  -7.6862230e-03
  -6.1178270e-03
   1.7215050e-03
   5.8632910e-03
   3.2977510e-03
   2.0139610e-03
   2.1654390e-03
  -6.0250640e-03
  -8.7825510e-03
   9.7136400e-03
   1.4082541e-02
  -4.4782780e-03
  -1.5420968e-02
  -1.6839926e-02
   3.6302680e-03
   6.7687940e-03
   4.7488180e-03
   1.7899047e-02
   2.3254795e-02
   4.9874520e-03
  -8.1007990e-03
  -7.1260820e-03
  -1.7146755e-02
  -9.3421830e-03
   4.2159960e-03
   8.0258760e-03
   7.5680790e-03
  -2.0940835e-02
  -4.9611521e-02
  -1.3415875e-02
   3.0400551e-02
   1.4567759e-02
  -2.0472946e-02
  -1.4789981e-02
   7.4448370e-03
   6.5903030e-03
   1.8459698e-02
   3.1308806e-02
  -9.7687900e-04
  -2.0719632e-02
  -1.3243602e-02
  -1.6100885e-02
  -2.1063159e-02
  -4.7211930e-03
   4.9627830e-03
  -3.4679850e-03
   1.5118220e-03
   9.0883610e-03
  -1.6590181e-02
  -2.3566721e-02
  -3.4588107e-02
  -1.3655426e-02
   3.9634986e-02
   1.5232385e-02
  -1.6590181e-02
  -2.1461731e-02
  -1.6933707e-02
  -3.1536125e-02
  -4.5770551e-02
  -4.8770545e-02
  -2.8064165e-02
  -1.7937783e-02
  -4.5889800e-04
   4.2789925e-02
   3.6806247e-02
   1.4436261e-02
  -2.3170188e-02
  -2.8596273e-02
  -4.4710411e-02
  -2.5869469e-02
  -7.6611500e-04
  -3.4119199e-02
  -5.0575843e-02
  -3.0499429e-02
  -2.2653370e-03
  -2.5052957e-02
  -1.1467867e-02
   1.3074390e-03
   1.6932688e-02
   1.7650321e-02
   1.5775707e-02
  -1.6226267e-02
  -4.7617640e-03
   8.6306660e-03
   1.4625860e-03
   4.4268006e-02
   4.1242526e-02
   4.7480030e-03
  -3.3437241e-02
  -1.6790996e-02
   2.0993842e-02
   1.7062147e-02
  -1.5210979e-02
  -3.9752214e-02
  -3.3051922e-02
  -1.5870509e-02
  -1.9565710e-02
  -3.8517761e-02
  -2.9946934e-02
   2.7711462e-02
  -2.6178340e-03
  -5.3764418e-02
  -2.2182423e-02
   3.2795040e-02
   7.9178230e-03
  -8.1655291e-02
  -1.0507624e-01
  -2.2580995e-02
   2.4222174e-02
   2.2121261e-02
   4.7708364e-02
   5.0911214e-02
  -2.5714526e-02
  -8.7669550e-02
  -8.8373930e-02
  -1.4582030e-02
   3.1313902e-02
   1.8175295e-02
   3.5614609e-02
   3.4574855e-02
   7.9664470e-03
  -1.6699253e-02
  -1.2225256e-02
  -3.5378114e-02
  -1.1669701e-02
   6.0528930e-02
   6.6955014e-02
  -1.1309900e-04
  -3.3039690e-03
   1.7291500e-03
   3.8013180e-03
  -3.1357730e-03
  -8.1152740e-03
  -1.7374073e-02
  -5.4168087e-02
  -5.6206819e-02
  -3.1107991e-02
  -2.6425023e-02
  -5.7773584e-02
  -8.4974350e-03
   1.1674798e-02
  -2.4744089e-02
  -2.4646230e-02
   1.5357767e-02
   1.7539211e-02
   2.6525940e-02
   4.4217037e-02
   3.9239474e-02
   2.3185479e-02
   2.7524918e-02
   7.4989655e-02
   1.1879691e-01
   1.6532077e-01
   2.0989764e-01
   2.4076404e-01
   2.4886800e-01
   2.5473955e-01
   2.5505555e-01
   2.5011163e-01
   2.4834813e-01
   2.5305760e-01
   2.6005046e-01
   2.5707390e-01
   2.5523904e-01
   2.5493323e-01
   2.5018299e-01
   2.7005042e-01
   3.2012169e-01
   3.6819498e-01
   3.9543243e-01
   4.2106950e-01
   4.6653322e-01
   5.0932619e-01
   4.6286350e-01
   2.4931653e-01
   3.5900030e-03
  -1.8053990e-01
  -3.0586074e-01
  -3.7393401e-01
  -4.3897976e-01
  -4.4632940e-01
  -3.9485141e-01
  -3.5466799e-01
  -2.8716559e-01
  -3.6375055e-01
  -2.0276208e-01
   2.5167126e-01
   3.6456605e-01
   3.1518795e-01
   2.2410760e-01
   1.1520874e-01
  -5.3238426e-02
  -2.7504531e-01
  -4.6045780e-01
  -5.3488169e-01
  -5.3758302e-01
  -6.4744010e-01
  -7.3206785e-01
  -6.9779678e-01
  -5.1795004e-01
  -3.9443347e-01
  -3.8127344e-01
  -3.3495345e-01
  -2.8141636e-01
  -2.5579969e-01
  -2.3865396e-01
  -6.2060019e-02
   1.3495386e-01
   1.8794050e-01
   9.9815294e-02
  -8.6305637e-02
  -1.9652356e-01
  -2.1895981e-01
  -2.0285382e-01
  -2.1267032e-01
  -1.4855220e-01
   4.5907140e-03
   1.1596307e-01
   1.3719646e-01
   1.2151862e-01
   1.1712515e-01
   1.2537182e-01
   1.5163069e-01
   1.3485192e-01
  -1.2299670e-02
  -1.5996910e-01
  -2.0044812e-01
  -1.7280292e-01
  -7.7445309e-02
  -3.7562615e-02
  -6.1206810e-02
  -2.8473949e-02
   1.9569788e-02
   3.7291464e-02
   4.3046804e-02
   5.4464723e-02
   1.0105484e-01
   1.5423007e-01
   1.8274173e-01
   1.7202820e-01
   1.1610578e-01
   3.4790960e-02
  -5.7289387e-02
  -8.3596164e-02
  -5.0479002e-02
   1.6867450e-03
   4.6039662e-02
   7.8022270e-02
   1.0930661e-01
   1.3797118e-01
   1.8272135e-01
   1.8642165e-01
   1.9179370e-01
   1.7996906e-01
   1.0717614e-01
   4.8264940e-02
   2.0640122e-02
   7.3273040e-03
  -1.4640134e-02
  -8.6840806e-02
  -7.9262839e-02
   3.3276183e-02
   1.0451559e-01
   1.3707414e-01
   1.7749200e-01
   2.3789963e-01
   1.4842988e-01
   1.7784878e-02
  -1.9753273e-02
  -9.1153740e-03
   5.6307738e-02
   1.2505581e-01
   1.7482126e-01
   1.4284375e-01
   9.2258734e-02
   4.5093692e-02
   9.9119100e-04
  -5.2382158e-02
  -5.6449429e-02
  -1.9002001e-02
  -4.1320000e-03
  -4.2502460e-03
  -1.6526980e-02
   8.1864300e-04
   9.9859100e-04
  -1.4518830e-03
   2.1394453e-02
   6.9466732e-02
   8.6808184e-02
   7.6453467e-02
   8.9658331e-02
   1.2763481e-01
   1.6340436e-01
   1.8536151e-01
   2.0004037e-01
   1.9955108e-01
   1.8568770e-01
   1.2847069e-01
   2.4230329e-02
  -6.3180302e-02
  -1.0576941e-01
  -7.8137458e-02
  -5.0376050e-03
   5.1463709e-02
   1.0367971e-01
   1.4546352e-01
   1.8737985e-01
   2.1242567e-01
   2.2948986e-01
   2.2600363e-01
   1.8441350e-01
   1.0910274e-01
   1.0074394e-02
  -7.5476913e-02
  -1.4221174e-01
  -1.7243595e-01
  -1.8911277e-01
  -1.9749196e-01
  -2.0292518e-01
  -1.8875599e-01
  -1.4593243e-01
  -7.5230227e-02
   1.7524939e-02
   8.5289329e-02
   3.6829692e-02
  -9.2616533e-02
  -1.9005059e-01
  -2.3925538e-01
  -2.5412793e-01
  -2.5330225e-01
  -2.1368968e-01
  -1.3715569e-01
  -5.9685914e-02
  -1.8881716e-02
  -2.0494352e-02
  -5.9470830e-02
  -1.0244628e-01
  -1.5516789e-01
  -2.0416881e-01
  -2.2085583e-01
  -2.0514740e-01
  -1.5074384e-01
  -1.0208950e-01
  -9.2464648e-02
  -1.0686013e-01
  -1.2661544e-01
  -1.3435243e-01
  -1.4039727e-01
  -1.3871532e-01
  -9.9827528e-02
  -6.4523827e-02
  -7.8451424e-02
  -1.0819550e-01
  -8.8567610e-02
  -4.3118160e-02
  -1.9806280e-02
  -3.6802170e-03
   1.8574886e-02
   1.6589162e-02
  -3.8960167e-02
  -9.7596134e-02
  -1.2195694e-01
  -9.2477899e-02
  -2.3976507e-02
   4.3216018e-02
   1.0200795e-01
   1.4251755e-01
   1.7433197e-01
   2.0920448e-01
   2.5148777e-01
   2.8970380e-01
   3.1205850e-01
   3.3200749e-01
   2.6245616e-01
   5.8154828e-02
  -1.4112102e-01
  -2.7072322e-01
  -3.2774653e-01
  -3.1284341e-01
  -2.4647249e-01
  -1.1691108e-01
   1.4084579e-02
   1.1609559e-01
   1.6456644e-01
   1.5950019e-01
   1.6518825e-01
   1.8446446e-01
   2.2078447e-01
   2.3925538e-01
   2.2591188e-01
   1.9368973e-01
   1.7920454e-01
   1.5813424e-01
   1.2846050e-01
   1.2627905e-01
   1.7083554e-01
   2.2442361e-01
   2.1980588e-01
   1.8772643e-01
   1.5145739e-01
   1.1338408e-01
   7.8448366e-02
   4.9702246e-02
   3.5055995e-02
   2.3526966e-02
  -1.8445427e-02
  -8.8118071e-02
  -1.3649310e-01
  -1.5035648e-01
  -1.5835850e-01
  -1.7619741e-01
  -1.9055008e-01
  -1.4750225e-01
  -6.8949913e-02
  -2.2703319e-02
  -4.3801130e-03
   1.4269085e-02
   2.7487202e-02
   2.6154893e-02
   1.7150832e-02
  -1.6642169e-02
  -6.8431057e-02
  -1.3329229e-01
  -1.8163063e-01
  -1.9083550e-01
  -1.7944918e-01
  -1.6555522e-01
  -1.6143699e-01
  -1.5358787e-01
  -1.4849104e-01
  -1.4328208e-01
  -1.2500485e-01
  -9.3352514e-02
  -5.3049842e-02
  -6.7524840e-03
   2.9021349e-02
   5.5344435e-02
   8.1644077e-02
   1.0439327e-01
   1.2877650e-01
   1.4124335e-01
   1.2661544e-01
   8.5070167e-02
   3.3577914e-02
  -1.6043801e-02
  -4.9244549e-02
  -7.1568663e-02
  -8.5635914e-02
  -8.7314810e-02
  -8.0309728e-02
  -7.7733790e-02
  -7.6789857e-02
  -5.9093664e-02
  -2.9313907e-02
   2.7543270e-03
   3.2021340e-03
  -1.3885803e-02
  -1.8756334e-02
  -4.4567700e-03
   2.9564670e-02
   7.2011069e-02
   9.7067084e-02
   9.8302554e-02
   8.7759253e-02
   8.7028367e-02
   7.6013099e-02
   2.5018299e-02
  -1.7824633e-02
  -2.7445409e-02
  -3.0785872e-02
  -2.8029506e-02
  -1.9295578e-02
  -2.8777721e-02
  -4.5628858e-02
  -4.3873511e-02
  -2.0178350e-03
   3.4443355e-02
   4.5889818e-02
   5.3700198e-02
   6.7501393e-02
   7.6776606e-02
   7.2240427e-02
   6.9368873e-02
   7.0339309e-02
   6.7054913e-02
   5.8253706e-02
   5.4249636e-02
   4.2149762e-02
   1.8063165e-02
   1.4380196e-02
   3.5121235e-02
   5.6025373e-02
   6.5219034e-02
   7.3265909e-02
   8.0567627e-02
   7.4272023e-02
   5.3408660e-02
   1.1696205e-02
  -3.7458641e-02
  -7.8398415e-02
  -1.0765524e-01
  -1.1850129e-01
  -1.1287439e-01
  -8.3154779e-02
  -4.4618668e-02
  -3.0246630e-03
   4.3980545e-02
   7.3188438e-02
   6.0663488e-02
   1.7941860e-02
  -5.6947900e-03
  -1.5214037e-02
  -2.6508610e-02
  -3.6880660e-02
  -3.4602376e-02
  -2.5133487e-02
  -2.0853169e-02
  -1.4119238e-02
  -1.8478000e-04
   1.6493341e-02
   2.8629912e-02
   4.3626825e-02
   5.9022309e-02
   6.5713427e-02
   6.6245535e-02
   6.7768469e-02
   6.9726669e-02
   6.2773576e-02
   4.7749139e-02
   2.0017289e-02
  -1.7566733e-02
  -4.1568723e-02
  -5.6492241e-02
  -6.5969287e-02
  -6.6154813e-02
  -5.4402541e-02
  -3.8087590e-02
  -3.8034581e-02
  -4.1084526e-02
  -2.6442353e-02
   6.1047790e-03
   4.6012141e-02
   6.6938704e-02
   6.3650230e-02
   2.5296585e-02
  -2.6471914e-02
  -7.0727688e-02
  -9.9008977e-02
  -1.0602425e-01
  -9.7675646e-02
  -5.9395396e-02
   9.1943750e-03
   7.6926450e-02
   9.9212851e-02
   7.5769471e-02
   3.5193608e-02
   6.4965210e-03
  -1.1209967e-02
  -1.3450534e-02
  -8.5846920e-03
  -5.5704270e-03
  -4.6670650e-03
  -5.6456600e-04
   7.9070180e-03
   2.0619734e-02
   2.7348568e-02
   1.8971420e-02
   1.0585096e-02
   4.1776670e-03
   1.3575920e-03
  -7.6356600e-05
   7.4041600e-04
  -5.0023350e-03
  -2.4263968e-02
  -4.4986657e-02
  -5.4416812e-02
  -4.8574825e-02
  -2.7849078e-02
  -2.7182410e-03
   5.5178280e-03
  -1.4400580e-03
  -8.4377000e-03
  -1.3914345e-02
  -2.5373038e-02
  -4.0759346e-02
  -5.4166049e-02
  -6.2301609e-02
  -6.5926474e-02
  -6.8988650e-02
  -6.5822497e-02
  -5.4904070e-02
  -4.2327132e-02
  -3.5690040e-02
  -3.0463750e-02
  -2.1775695e-02
  -1.3951042e-02
  -9.7870350e-03
  -2.4769570e-03
   1.2095796e-02
   3.2361811e-02
   5.4336283e-02
   6.8434114e-02
   7.3511574e-02
   7.3764378e-02
   6.6395383e-02
   3.5300643e-02
   6.4425970e-03
  -1.9234420e-03
  -1.2348599e-02
  -2.6921455e-02
  -4.0025405e-02
  -4.4681868e-02
  -3.8075356e-02
  -2.8343469e-02
  -1.8521879e-02
  -7.7009020e-03
  -3.0932660e-03
  -6.9251640e-03
  -1.4644211e-02
  -1.9039717e-02
  -2.2082525e-02
  -2.4665598e-02
  -2.0432171e-02
  -1.6081517e-02
  -1.5942884e-02
  -1.7023411e-02
  -8.7035500e-03
   1.3218118e-02
   3.0968338e-02
   3.3280261e-02
   1.9286404e-02
   1.0661549e-02
   1.4703335e-02
   1.6879681e-02
   1.2160016e-02
   7.9408610e-03
   1.7114135e-02
   3.5132449e-02
   4.8802144e-02
   5.2792963e-02
   4.7314890e-02
   3.6320009e-02
   3.0464770e-02
   2.7033585e-02
   2.0705361e-02
   1.2458691e-02
   9.1864240e-03
   1.7246653e-02
   2.5386290e-02
   2.6045820e-02
   2.0899041e-02
   1.7543288e-02
   1.4870511e-02
   5.2642100e-03
   3.2615600e-04
   7.8995760e-03
   1.7147774e-02
   1.9322082e-02
   1.6830751e-02
   1.3465824e-02
   9.7151690e-03
   1.2042789e-02
   2.3533082e-02
   3.4496364e-02
   3.5973424e-02
   2.5664577e-02
   1.0984688e-02
  -1.3919442e-02
  -3.8014194e-02
  -4.5978500e-02
  -4.2070253e-02
  -3.8632949e-02
  -4.1670660e-02
  -4.3452513e-02
  -4.0240490e-02
  -3.6609509e-02
  -3.6704310e-02
  -3.0167117e-02
  -1.8709443e-02
  -7.0804140e-03
   5.2196600e-04
   2.4271100e-03
   8.7010000e-04
   5.6826590e-03
   2.2630944e-02
   4.0065160e-02
   4.7754237e-02
   4.3497365e-02
   3.1290457e-02
   1.2712513e-02
   3.1170200e-04
  -7.8021200e-04
   3.7355680e-03
  -4.9472900e-04
  -1.7754297e-02
  -3.6200743e-02
  -3.9823570e-02
  -2.6931648e-02
  -1.1735960e-02
   3.2511660e-03
   1.6410772e-02
   2.2415857e-02
   1.3934733e-02
  -6.9606400e-04
  -1.1462770e-02
  -1.5350632e-02
  -1.5623822e-02
  -1.2335347e-02
  -9.3486050e-03
  -8.8661390e-03
  -5.7783780e-03
  -4.1801140e-03
   7.8972300e-04
   5.7636990e-03
   5.5612530e-03
   1.7307810e-03
   4.5452510e-03
   1.2991819e-02
   1.3617710e-02
   7.6758260e-03
  -5.4364800e-04
   6.5170100e-04
   1.2151860e-03
  -2.3891900e-03
  -3.7593200e-03
  -5.4194590e-03
  -8.7951910e-03
  -9.7953930e-03
  -6.4838810e-03
  -9.8414700e-05
   8.8677700e-03
   1.7218110e-02
   2.1007094e-02
   1.6432179e-02
   6.9924430e-03
  -7.2061020e-03
  -1.7886814e-02
  -2.0500469e-02
  -1.4419951e-02
  -7.9754170e-03
  -5.0607440e-03
  -3.9143650e-03
   6.9322000e-04
   7.0775600e-03
   1.2472962e-02
   1.9484161e-02
   2.7132464e-02
   3.5893913e-02
   4.3403582e-02
   4.5821520e-02
   3.8473929e-02
   2.1942872e-02
   8.4585970e-03
   7.5842860e-03
   1.3708433e-02
   1.7744103e-02
   1.4957157e-02
   8.9476890e-03
  -7.9606400e-04
  -9.6812240e-03
  -1.2297631e-02
  -9.8016110e-03
  -9.0026320e-03
  -1.1582036e-02
  -1.5504556e-02
  -2.1308826e-02
  -2.5653364e-02
  -2.6699232e-02
  -2.9250705e-02
  -3.2947945e-02
  -2.9491277e-02
  -1.8245631e-02
  -3.6008080e-03
   4.1885750e-03
   2.1363870e-03
  -1.7357760e-03
   9.4481000e-04
   7.9046730e-03
   1.2350638e-02
   1.4284375e-02
   1.3121279e-02
   8.5581890e-03
   1.9778760e-03
  -2.0147770e-03
  -1.5601400e-03
  -2.1789970e-03
  -1.2263992e-02
  -2.9419922e-02
  -4.2038652e-02
  -4.8430076e-02
  -4.9394396e-02
  -4.4041705e-02
  -3.3008090e-02
  -1.5819540e-02
   3.0466810e-03
   1.8696191e-02
   2.6247653e-02
   2.3391391e-02
   1.2294573e-02
   1.3779790e-03
  -7.0341350e-03
  -6.7590080e-03
   7.6933590e-03
   2.4182419e-02
   2.9204835e-02
   2.5377115e-02
   2.0300673e-02
   1.6514748e-02
   1.2834837e-02
   7.6602290e-03
  -1.7666630e-03
  -1.4989776e-02
  -2.2927579e-02
  -2.4503519e-02
  -2.5090674e-02
  -2.6283332e-02
  -2.8044795e-02
  -3.1527969e-02
  -3.2842951e-02
  -2.8690053e-02
  -2.0069277e-02
  -1.3853183e-02
  -1.1280304e-02
  -7.3728700e-03
   2.6425000e-05
   7.9530930e-03
   1.0649316e-02
   1.1425054e-02
   1.1215064e-02
   8.1769460e-03
   5.1072270e-03
   6.8540130e-03
   1.0232395e-02
   9.2170050e-03
   1.0359816e-02
   1.2679893e-02
   1.0161957e-02
   3.6117160e-03
  -2.8672730e-03
  -5.9050850e-03
  -9.5775550e-03
  -1.4282336e-02
  -1.8271115e-02
  -1.8917393e-02
  -1.1412821e-02
  -5.4762380e-03
  -5.0198680e-03
  -3.2571800e-03
   1.6162050e-03
   7.3755200e-03
   1.1587133e-02
   1.3046865e-02
   9.3499300e-03
   3.0381180e-03
  -3.5887800e-03
  -7.7793930e-03
  -1.0194679e-02
  -9.6754140e-03
  -9.4566580e-03
  -1.1295594e-02
  -1.3961236e-02
  -1.9017291e-02
  -2.3821563e-02
  -2.6025433e-02
  -2.1134514e-02
  -1.0249725e-02
  -4.1788900e-04
   6.8384160e-03
   1.2137590e-02
   1.8201798e-02
   2.3123297e-02
   2.5144700e-02
   2.2409741e-02
   1.5599357e-02
   9.1764340e-03
   3.0527970e-03
  -1.7268060e-03
   5.5798100e-04
   1.0436269e-02
   1.9716576e-02
   2.5346534e-02
   2.5583027e-02
   2.1112088e-02
   1.1379182e-02
   1.4554510e-03
  -3.3290450e-03
  -2.1702300e-03
   4.4458630e-03
   9.9605310e-03
   9.0691970e-03
   4.5343440e-03
  -1.5663580e-03
  -7.0458570e-03
  -8.4165990e-03
  -8.4400440e-03
  -1.1291517e-02
  -1.5420968e-02
  -1.2826682e-02
  -2.2696180e-03
   5.5486130e-03
   7.2570700e-03
   4.0032540e-03
  -1.5214040e-03
  -3.5601350e-03
   7.0111000e-04
   1.0647277e-02
   1.8688036e-02
   1.8959187e-02
   1.4652366e-02
   1.4583049e-02
   1.8810360e-02
   2.3406681e-02
   2.5835830e-02
   2.2238488e-02
   8.3286280e-03
  -1.2466846e-02
  -2.8619718e-02
  -3.0507585e-02
  -1.8661533e-02
   2.7688000e-04
   1.5292528e-02
   1.9761428e-02
   1.9551439e-02
   1.7254807e-02
   1.5271121e-02
   1.1399569e-02
   2.3863360e-03
  -7.9199640e-03
  -1.3373062e-02
  -1.3421992e-02
  -1.4831775e-02
  -1.9801184e-02
  -2.4928594e-02
  -2.9772622e-02
  -2.9970379e-02
  -2.4244600e-02
  -1.4674792e-02
  -8.6361700e-03
  -9.2371880e-03
  -1.1943911e-02
  -1.4673773e-02
  -1.3206905e-02
  -9.1590030e-03
  -6.9030440e-03
  -5.4824560e-03
  -3.3722660e-03
   1.3712510e-03
   7.4768450e-03
   1.2286418e-02
   1.5972445e-02
   1.8623816e-02
   2.3158975e-02
   2.6488223e-02
   2.4275181e-02
   1.7326163e-02
   1.1637082e-02
   6.7222090e-03
   3.0547340e-03
   1.7768570e-03
   1.9588140e-03
   9.3115000e-04
  -2.7673750e-03
  -7.8748060e-03
  -1.0453598e-02
  -4.8112040e-03
   1.7661530e-03
   6.0309770e-03
   9.9075230e-03
   1.1458693e-02
   6.8306690e-03
  -2.2389350e-03
  -1.1705379e-02
  -1.6659498e-02
  -1.5673771e-02
  -1.1461751e-02
  -8.2418800e-03
  -5.2734860e-03
   1.3258890e-03
   8.1564570e-03
   1.4960215e-02
   2.0039715e-02
   1.9037679e-02
   1.5274179e-02
   1.3699259e-02
   1.1236471e-02
   5.0861260e-03
  -1.8224220e-03
  -6.5739930e-03
  -1.3380198e-02
  -1.9834823e-02
  -2.2298630e-02
  -2.0762446e-02
  -1.8116172e-02
  -1.8199760e-02
  -1.9990786e-02
  -2.5021357e-02
  -2.9997902e-02
  -3.1649275e-02
  -2.8965282e-02
  -2.2173248e-02
  -1.4982641e-02
  -1.5257870e-02
  -2.2112086e-02
  -2.8201778e-02
  -2.8436232e-02
  -2.1778754e-02
  -1.1634024e-02
  -1.3092740e-03
   4.5127330e-03
   1.0699265e-02
   1.8181411e-02
   2.3603419e-02
   2.3804234e-02
   1.9059085e-02
   1.1944930e-02
   6.3248600e-03
   2.7612590e-03
   3.0946930e-03
   7.1701180e-03
   1.1052985e-02
   1.4881724e-02
   2.0553476e-02
   2.7046837e-02
   2.6455604e-02
   2.2464787e-02
   1.9935740e-02
   1.9253784e-02
   1.7004043e-02
   1.3865416e-02
   1.2105990e-02
   9.6947820e-03
   8.2636940e-03
   1.0412823e-02
   1.1929640e-02
   8.9814300e-03
   2.7374050e-03
  -4.0930600e-03
  -5.3982560e-03
  -1.6263980e-03
   1.8329220e-03
  -9.8469700e-05
  -1.9607500e-03
  -2.1040730e-03
   1.2450540e-03
   8.9890750e-03
   1.4374079e-02
   1.6684982e-02
   1.2953083e-02
   8.1096680e-03
   4.4342420e-03
   2.2576920e-03
   6.5479000e-04
  -2.0854190e-03
  -1.0011400e-03
  -1.0228300e-04
   2.9224200e-03
   4.0471890e-03
   8.2121100e-04
  -3.4991780e-03
  -7.4608410e-03
  -8.8045700e-03
  -7.9277110e-03
  -5.5454530e-03
  -6.5628820e-03
  -1.0539225e-02
  -1.4570817e-02
  -1.5362864e-02
  -1.2699261e-02
  -6.4105890e-03
   3.4573800e-04
   1.7847060e-03
   3.5605430e-03
   5.6350550e-03
   6.3943810e-03
   7.6306680e-03
   5.5143620e-03
   8.3661400e-04
  -2.6822580e-03
  -2.1875590e-03
  -1.1674800e-04
   1.9947970e-03
   4.3104910e-03
   5.7779700e-03
   7.8382110e-03
   1.3733917e-02
   1.9182429e-02
   2.0412803e-02
   1.3853183e-02
   1.8244610e-03
  -3.6184430e-03
  -1.4566740e-03
   2.4283340e-03
   5.5054930e-03
   9.8231200e-03
   1.0548399e-02
   1.1750231e-02
   1.0129134e-02
   8.8471790e-03
   1.0060021e-02
   8.0282200e-03
   6.9614540e-03
   6.7817400e-03
   6.5526880e-03
   8.0464670e-03
   9.3936610e-03
   1.1056043e-02
   1.6723718e-02
   1.7416887e-02
   1.5023415e-02
   1.3224235e-02
   1.1820568e-02
   5.2582970e-03
  -5.5697100e-04
  -2.4895970e-03
  -5.5600300e-03
  -8.3257730e-03
  -5.4523850e-03
  -2.3412800e-03
  -4.0860270e-03
  -7.8459580e-03
  -1.3295590e-02
  -1.8627893e-02
  -2.5488226e-02
  -3.0301672e-02
  -3.0355698e-02
  -2.4395466e-02
  -1.6142679e-02
  -1.2056041e-02
  -9.8155770e-03
  -6.8712400e-03
  -2.8303700e-04
   6.5755220e-03
   1.0902119e-02
   4.3302670e-03
  -8.1550300e-03
  -1.6764492e-02
  -1.8014235e-02
  -1.5905167e-02
  -1.4850123e-02
  -9.1723570e-03
  -7.3257750e-03
  -5.2995820e-03
   6.8304700e-04
   9.0731730e-03
   1.3928616e-02
   1.1350640e-02
   3.3112060e-03
  -7.6369880e-03
  -1.6286410e-02
  -2.0796085e-02
  -2.1705359e-02
  -1.9421980e-02
  -1.2555530e-02
  -4.4387270e-03
   7.8693000e-04
   6.7972340e-03
   8.4873430e-03
   7.9558450e-03
   7.7265900e-03
   6.4221080e-03
   2.2067230e-03
  -3.2649270e-03
  -5.3962180e-03
  -7.1385180e-03
  -5.4424970e-03
  -4.2472900e-03
  -6.2376020e-03
  -8.5572710e-03
  -7.8048770e-03
  -3.8624800e-03
   1.8859290e-03
   5.6582970e-03
   7.9994740e-03
   6.5823520e-03
   1.5393450e-03
  -1.7376110e-03
   4.4141600e-04
   2.8382210e-03
   4.1226220e-03
   1.8057050e-03
  -5.5557500e-04
   5.5045800e-04
   6.2767460e-03
   1.3426069e-02
   1.0642181e-02
  -2.7129410e-03
  -2.4619726e-02
  -3.3797079e-02
  -1.9046853e-02
   1.1153902e-02
   2.3264989e-02
   1.3583051e-02
   3.4294500e-04
  -1.2492330e-02
  -2.1295574e-02
  -2.1748173e-02
  -1.7284369e-02
  -1.3409759e-02
  -7.1120140e-03
  -4.5998890e-03
  -1.0633006e-02
  -1.8851135e-02
  -1.6365920e-02
  -8.4327050e-03
  -3.9156900e-04
   9.8252610e-03
   1.6732892e-02
   2.1139611e-02
   1.7955112e-02
   1.0323119e-02
   1.7883760e-03
  -1.0244630e-03
   3.7607470e-03
   9.1220000e-03
   1.3952062e-02
   1.4361847e-02
   1.0544321e-02
   6.3090600e-03
   3.2655390e-03
   7.8378000e-04
  -3.6299620e-03
  -7.1683850e-03
  -6.9045730e-03
  -9.5884620e-03
  -1.1664605e-02
  -1.2044828e-02
  -7.1932580e-03
  -1.2436260e-03
   4.8796030e-03
   6.5425960e-03
   1.9003020e-03
  -5.4240460e-03
  -8.8618580e-03
  -2.1120240e-03
   3.7484120e-03
   6.5815360e-03
   8.4313800e-03
   1.0025362e-02
   9.4438140e-03
   1.0310887e-02
   7.9200660e-03
   2.6139600e-03
  -1.9240530e-03
  -3.2856200e-03
  -4.3116120e-03
  -6.1260840e-03
  -3.5043760e-03
   8.0671600e-04
   4.1352600e-04
  -2.2771620e-03
  -2.7409730e-03
  -7.8410650e-03
  -1.0194679e-02
  -1.1144728e-02
  -7.7914220e-03
   4.8978500e-04
   7.2955000e-03
   1.2562666e-02
   1.6634014e-02
   1.9993844e-02
   2.1782831e-02
   1.7338395e-02
   1.1886826e-02
   8.5799010e-03
   1.3987740e-03
  -5.6279190e-03
  -1.1039733e-02
  -1.3154918e-02
  -1.2357773e-02
  -7.8286290e-03
  -2.5071310e-03
   5.8927500e-04
   3.3190560e-03
  -5.6446400e-04
  -5.6529960e-03
  -8.4557430e-03
  -9.6132330e-03
  -1.2144726e-02
  -1.5657461e-02
  -1.6457663e-02
  -1.3473979e-02
  -7.1832680e-03
  -2.5916360e-03
  -2.2195670e-03
  -4.4042720e-03
  -5.6612530e-03
  -5.2498370e-03
  -2.3221160e-03
   8.3032500e-04
   2.0883750e-03
   1.7368980e-03
   2.1841950e-03
   6.7619640e-03
   1.3075407e-02
   1.4722702e-02
   1.4713528e-02
   1.3552470e-02
   1.3151860e-02
   1.2129435e-02
   1.1043811e-02
   1.2884786e-02
   1.4184477e-02
   1.5345535e-02
   1.3841970e-02
   8.0539080e-03
   9.2647100e-04
  -4.9542210e-03
  -8.7810220e-03
  -9.5383090e-03
  -7.4949900e-03
  -7.8232260e-03
  -8.2396370e-03
  -9.4583910e-03
  -8.8422860e-03
  -6.9934620e-03
  -6.8158890e-03
  -5.0226200e-03
  -2.0094760e-03
   3.4717570e-03
   8.4184340e-03
   1.0371029e-02
   1.0593251e-02
   1.3597322e-02
   1.8355723e-02
   1.9428096e-02
   1.9453580e-02
   1.8012196e-02
   1.2994877e-02
   6.6654300e-03
  -1.7760410e-03
  -6.5136460e-03
  -4.9828650e-03
  -4.2380100e-05
   3.3620730e-03
   2.2532070e-03
  -7.0208800e-04
  -3.8865370e-03
  -5.2115080e-03
  -2.5945920e-03
   1.3620770e-03
   1.3987740e-03
  -2.0012190e-03
  -6.1239430e-03
  -9.8041600e-03
  -1.0686013e-02
  -8.6406550e-03
  -7.8177210e-03
  -7.8010040e-03
  -8.2387190e-03
  -5.6346470e-03
  -4.8607450e-03
  -2.2856220e-03
  -4.1615600e-04
  -1.3858280e-03
  -2.1774680e-03
  -3.4257830e-03
  -5.1332210e-03
  -7.0263880e-03
  -4.6681870e-03
  -2.0993840e-03
  -5.2244500e-04
  -1.5391400e-04
  -1.4673770e-03
  -2.6148770e-03
  -4.2089620e-03
  -5.3711410e-03
  -6.3155840e-03
  -6.6036560e-03
  -3.7369960e-03
  -1.0533110e-03
   7.2922400e-04
   5.7171140e-03
   1.0620774e-02
   1.2488252e-02
   1.2624847e-02
   1.2710474e-02
   1.4786923e-02
   1.5854199e-02
   1.4788961e-02
   1.1567765e-02
   6.5348490e-03
   2.1289460e-03
  -8.2700100e-04
  -1.6073360e-03
   1.1559610e-03
   3.1368950e-03
   5.2655350e-03
   3.8367910e-03
   3.6017300e-05
  -1.1041770e-03
  -5.0429050e-03
  -8.2140510e-03
  -1.1646256e-02
  -1.3177344e-02
  -1.4939827e-02
  -1.5653384e-02
  -1.5782843e-02
  -1.6801190e-02
  -1.6293545e-02
  -1.5529021e-02
  -1.3485192e-02
  -1.0734943e-02
  -6.0502430e-03
  -3.1322060e-03
  -1.3750230e-03
   1.8485200e-05
   1.3164090e-03
   2.6773650e-03
   6.0789890e-03
   7.7631850e-03
   7.9249590e-03
   6.8737880e-03
   3.0530010e-03
  -1.1489270e-03
   6.4570700e-04
   1.4156950e-03
   3.1059060e-03
   5.9816390e-03
   5.8829650e-03
   4.1844970e-03
   2.5099800e-04
  -3.8105940e-03
  -3.6813380e-03
  -6.4985600e-04
   1.9565700e-05
  -3.2741000e-04
  -3.0215030e-03
  -5.2278180e-03
  -8.4010030e-03
  -8.5021240e-03
  -6.5030450e-03
  -3.9184430e-03
  -1.1120260e-03
   2.8959200e-04
   3.4244580e-03
   6.4931570e-03
   7.2520750e-03
   6.2622710e-03
   3.8850070e-03
   3.0701260e-03
   3.6846000e-03
   4.7609490e-03
   7.2513620e-03
   9.0787790e-03
   9.2552310e-03
   7.4505460e-03
   6.9294460e-03
   6.1609460e-03
   4.2290440e-03
   1.5493340e-03
  -1.3335350e-03
  -2.4285370e-03
  -3.5363840e-03
  -1.7182430e-03
  -1.2766540e-03
  -1.1095800e-03
  -9.0555400e-04
   1.4523900e-04
   4.7962190e-03
   6.9843900e-03
   9.3068110e-03
   1.0717614e-02
   1.1025462e-02
   9.4652210e-03
   6.3658380e-03
   2.6492300e-03
  -1.7483150e-03
  -4.2602360e-03
  -5.8341370e-03
  -5.5113040e-03
  -4.5020300e-03
  -4.1701240e-03
  -2.8857230e-03
  -4.4053940e-03
  -5.2850050e-03
  -4.7434160e-03
  -2.3653370e-03
   4.5843900e-04
   2.7553460e-03
   5.0048830e-03
   3.1631950e-03
  -8.8247500e-04
  -3.2814410e-03
  -2.1545320e-03
  -6.5662500e-04
   2.2026460e-03
   3.2153860e-03
   2.2665600e-03
   7.2093600e-04
   2.1604440e-03
   3.8478010e-03
   5.3818440e-03
   7.4396390e-03
   7.9275070e-03
   9.5478910e-03
   9.7595120e-03
   1.0040551e-02
   1.1486216e-02
   1.0714556e-02
   9.8053830e-03
   1.0364913e-02
   1.0911293e-02
   9.9633850e-03
   6.5793960e-03
   1.4283360e-03
  -2.7457640e-03
  -3.6191570e-03
  -3.0774660e-03
  -2.5611570e-03
  -2.1143690e-03
  -2.3144700e-03
  -3.1543260e-03
  -3.9001960e-03
  -5.3399490e-03
  -6.4220060e-03
  -7.7081400e-03
  -8.1422870e-03
  -8.4128270e-03
  -8.5750080e-03
  -7.3756220e-03
  -1.0059307e-02
  -1.0569806e-02
  -8.3583930e-03
  -4.7013160e-03
   1.1237500e-04
   2.8385260e-03
   2.7577930e-03
  -1.0953100e-04
  -3.3899010e-03
  -2.3321050e-03
   1.1646260e-03
   2.8391380e-03
   3.3116140e-03
   3.7837840e-03
   5.6797030e-03
   7.4808210e-03
   9.1448340e-03
   1.0607522e-02
   1.0205892e-02
   7.5170080e-03
   4.8711420e-03
   1.1207930e-03
  -3.2130400e-04
  -1.5797110e-03
  -3.5427040e-03
  -5.5521810e-03
  -4.9430080e-03
  -3.3387290e-03
  -4.5203780e-03
  -5.0632930e-03
  -3.6809300e-03
  -2.0628910e-03
  -2.6929610e-03
  -2.3384250e-03
  -6.9750100e-04
   1.2818530e-03
   2.4008110e-03
   2.6359780e-03
   4.6499400e-03
   6.9441250e-03
   9.3502360e-03
   9.0987580e-03
   7.6982520e-03
   5.2098770e-03
   3.3688010e-03
   2.3617690e-03
   1.0651350e-03
   3.7010100e-04
  -1.7341450e-03
  -4.1258840e-03
  -5.4633940e-03
  -4.8578900e-03
  -5.3349540e-03
  -7.1835740e-03
  -8.9812260e-03
  -1.0188257e-02
  -9.5737830e-03
  -8.2334190e-03
  -7.0710360e-03
  -4.8815400e-03
  -2.6731850e-03
  -1.1387340e-03
   1.3257900e-05
   6.9551300e-05
   2.5588100e-04
   1.0368990e-03
  -2.2005100e-04
  -3.6098810e-03
  -4.6096750e-03
  -3.0607480e-03
  -3.6026430e-03
  -3.6227250e-03
  -2.3040730e-03
   9.9020200e-05
   1.9042780e-03
   3.5347500e-04
  -9.2720500e-04
  -8.6499300e-04
  -1.8179370e-03
  -3.2880670e-03
  -3.7682900e-03
  -2.2822580e-03
  -3.3088620e-03
  -4.1983610e-03
  -4.9687970e-03
  -4.8226200e-03
  -4.1488190e-03
  -5.4947900e-03
  -6.6270000e-03
  -9.1560470e-03
  -1.1246665e-02
  -1.2470923e-02
  -1.3587129e-02
  -1.3370004e-02
  -1.0342487e-02
  -6.9401490e-03
  -3.9864340e-03
   9.0070200e-04
   2.2735940e-03
   1.2449520e-03
  -5.2058000e-04
   1.2353700e-03
   3.8641110e-03
   5.3398470e-03
   5.2534040e-03
   5.1895920e-03
   6.6206800e-03
   5.8454520e-03
   6.5069190e-03
   4.3668620e-03
   2.7242550e-03
   2.2011170e-03
   2.8421960e-03
   1.5791000e-03
  -1.4880700e-04
  -3.2661510e-03
  -3.8137540e-03
  -1.6403640e-03
   1.3488250e-03
   7.0910150e-03
   7.4608410e-03
   5.7998860e-03
   3.9389320e-03
   3.1462730e-03
   3.0547340e-03
   3.2186480e-03
   2.0761430e-03
   1.5557560e-03
   2.1693130e-03
   2.8752240e-03
   4.8799090e-03
   6.0831680e-03
   5.3379100e-03
   3.9347530e-03
   5.8156870e-03
   7.9815330e-03
   7.1652250e-03
   5.2833740e-03
   2.6659480e-03
   8.0902000e-04
  -2.1027480e-03
  -2.7111060e-03
  -3.3025420e-03
  -3.5191570e-03
  -3.3116140e-03
  -4.3870450e-03
  -5.4974410e-03
  -9.0769440e-03
  -9.1306650e-03
  -6.9968260e-03
  -3.5382190e-03
  -2.9038700e-04
   1.0457680e-03
   3.1536120e-03
   1.9622790e-03
   5.6750100e-04
   1.1714550e-03
  -5.4602300e-04
  -2.0171210e-03
  -5.0259840e-03
  -6.7509550e-03
  -6.4234330e-03
  -7.0547260e-03
  -7.8999840e-03
  -9.4138450e-03
  -9.6791860e-03
  -7.5791900e-03
  -6.5607410e-03
  -7.0705260e-03
  -2.9242550e-03
   1.5359810e-03
   3.7742020e-03
   3.2369960e-03
   2.6520840e-03
   3.4736930e-03
   4.6532020e-03
   7.1811270e-03
   7.3091600e-03
   5.8752180e-03
   4.0176270e-03
   4.1303690e-03
   4.0170150e-03
   3.8757310e-03
   4.5173200e-03
   5.0800100e-03
   4.9347510e-03
   2.5432160e-03
   2.4456600e-04
  -4.8539100e-04
  -1.4743090e-03
  -1.8238500e-03
  -3.0248670e-03
  -3.8968320e-03
  -3.1613600e-03
  -2.0994860e-03
  -5.2843900e-04
   1.7246650e-03
   3.3172210e-03
   2.5159990e-03
   2.0205870e-03
  -8.8915200e-04
  -7.0372900e-05
   2.5254790e-03
   4.9819470e-03
   5.1754230e-03
   1.9746140e-03
   6.3313800e-04
  -1.1439320e-03
   1.1733920e-03
   2.4043780e-03
   1.3135550e-03
   2.8890870e-03
   4.1725710e-03
   4.8304690e-03
   5.9025370e-03
   7.3480990e-03
   6.7169080e-03
   4.0019290e-03
   8.0442200e-04
  -2.8884800e-04
  -3.7632950e-03
  -7.5268960e-03
  -8.3068130e-03
  -5.4513650e-03
  -1.2124340e-03
   1.3547370e-03
   3.5517770e-03
   7.3441200e-04
  -1.6304760e-03
  -1.9365910e-03
   1.7920450e-03
   5.0136500e-03
   4.1622750e-03
   2.4105970e-03
   3.3254800e-04
   4.8595200e-04
   2.6036640e-03
   3.3407680e-03
   3.4049880e-03
   2.9454580e-03
   5.1257800e-04
  -2.6727800e-04
  -1.0256900e-04
   2.8907180e-03
   6.4990700e-03
   5.8688980e-03
   2.5327170e-03
  -9.0929500e-04
  -2.9637050e-03
  -3.4197690e-03
  -5.2189500e-03
  -4.2764440e-03
  -4.6199700e-03
  -3.5700230e-03
  -2.3846000e-04
   3.1496370e-03
   6.0114050e-03
   6.1439220e-03
   4.9068200e-03
   4.7018250e-03
   5.5307740e-03
   3.3372000e-03
   3.1638060e-03
   4.1623770e-03
   3.6430100e-03
   3.2240510e-03
   1.2889880e-03
   1.0637080e-03
   2.2451540e-03
   1.6955110e-03
   9.7051800e-04
  -4.9580900e-05
   1.1585090e-03
   3.1414820e-03
   5.5759320e-03
   5.1117120e-03
   3.8911240e-03
   3.4017260e-03
   4.2201750e-03
   5.3941790e-03
   5.7817420e-03
   6.1310780e-03
   6.5353590e-03
   7.2264890e-03
   4.5350570e-03
   2.6047860e-03
  -3.8574800e-04
  -1.7229320e-03
  -1.7002000e-04
   7.3224100e-05
  -3.1744080e-03
  -5.3327110e-03
  -6.1496310e-03
  -5.5285310e-03
  -3.9528970e-03
  -3.4085560e-03
  -2.0265000e-03
  -1.1614660e-03
  -7.1593100e-05
  -4.1017200e-04
  -2.7404630e-03
  -5.1366870e-03
  -6.0780710e-03
  -7.2529930e-03
  -7.1411680e-03
  -6.8923410e-03
  -8.5920320e-03
  -9.5845890e-03
  -1.0865422e-02
  -9.5374940e-03
  -8.1907070e-03
  -6.2470820e-03
  -1.9798130e-03
  -1.8702310e-03
  -1.2014250e-03
  -2.4392410e-03
  -3.0763440e-03
  -1.6603430e-03
  -8.1620600e-04
   2.2872530e-03
   5.2068190e-03
   9.6285230e-03
   1.2495388e-02
   1.3045845e-02
   1.3934733e-02
   1.1152883e-02
   8.9099720e-03
   7.7781700e-03
   4.6377070e-03
   2.6185470e-03
   2.6432160e-03
   2.6589140e-03
   3.3164050e-03
   5.8589080e-03
   4.7685940e-03
   3.1945910e-03
   1.0903140e-03
  -7.7869400e-04
   1.5165100e-04
  -3.4699200e-04
  -3.2403600e-04
  -1.5750220e-03
  -2.0998940e-03
  -2.3269070e-03
  -2.9298620e-03
  -3.4640090e-03
  -4.2561590e-03
  -4.1544260e-03
  -7.9043700e-04
   1.4300680e-03
   3.5708400e-04
   1.0217100e-03
   8.3380100e-04
  -3.7000900e-04
  -2.0803220e-03
  -1.4619750e-03
  -1.9339410e-03
  -2.2744090e-03
  -2.9362840e-03
  -5.1146690e-03
  -5.4008050e-03
  -3.3473940e-03
  -2.5596280e-03
  -1.8172240e-03
  -8.3738900e-04
   3.6924500e-04
   5.2401500e-04
   2.3697200e-04
   5.8672700e-04
   4.9204800e-04
   6.4527900e-04
   6.4179300e-04
   1.9357760e-03
   2.1558570e-03
   1.3076430e-03
  -2.5091700e-04
  -1.2489300e-04
  -3.7039700e-04
  -2.2293530e-03
  -2.4854180e-03
  -2.0123300e-03
  -1.9031560e-03
  -1.2076430e-03
  -4.7870400e-04
  -4.8533000e-04
  -1.7314950e-03
  -2.5461720e-03
  -1.7967340e-03
  -1.6742070e-03
  -1.1400590e-03
   1.0373070e-03
   2.3411780e-03
   2.2171200e-04
  -7.0345400e-04
   1.8751240e-03
   3.0762430e-03
   3.1571800e-03
   7.6517700e-04
   8.2943800e-05
  -1.4420970e-03
  -5.6465740e-03
  -5.8838820e-03
  -6.9261840e-03
  -5.6794990e-03
  -4.7528960e-03
  -5.2219060e-03
  -3.7773620e-03
  -3.2353660e-03
  -1.9506590e-03
  -1.4234430e-03
  -1.4900070e-03
  -2.5746130e-03
  -3.2217060e-03
  -3.2218080e-03
  -3.9535090e-03
  -5.9410690e-03
  -6.6635950e-03
  -6.0615580e-03
  -5.4697140e-03
  -4.6412750e-03
  -4.7254750e-03
  -3.3188520e-03
  -3.3729800e-03
  -3.7742020e-03
  -2.5048880e-03
  -2.7821550e-03
  -5.9688000e-04
   1.5907210e-03
   3.5762420e-03
   4.8156890e-03
   6.8437170e-03
   6.5055940e-03
   3.1889840e-03
   1.1314960e-03
   1.3183460e-03
  -3.1131400e-05
  -1.5630960e-03
  -3.4226200e-04
   4.1981600e-04
   1.1237490e-03
   1.3734900e-04
  -5.8865300e-04
  -2.9234400e-03
  -1.9344510e-03
   7.7911200e-04
   1.1266030e-03
   8.7280200e-04
   5.0063100e-04
   3.7618700e-04
   2.6958200e-04
   6.2000900e-04
   1.6604450e-03
   2.2408720e-03
   1.8331260e-03
   1.4849100e-03
   2.1974470e-03
   4.3447410e-03
   4.6032530e-03
   3.5747130e-03
   2.8902080e-03
   2.7805250e-03
   4.6716520e-03
   4.9941800e-03
   5.6129350e-03
   5.9337290e-03
   4.8677780e-03
   3.3386270e-03
   1.4720660e-03
   1.1841970e-03
   1.9625850e-03
   2.3463770e-03
   2.8717580e-03
   5.1305710e-03
   6.2109970e-03
   3.5257830e-03
  -1.4197730e-03
  -4.0726730e-03
  -5.8694070e-03
  -7.8042660e-03
  -5.8304670e-03
  -2.1115150e-03
  -1.3585090e-03
  -7.9725600e-04
  -2.7869500e-04
  -1.0461750e-03
  -7.2101800e-04
   9.0614500e-04
   1.5557560e-03
   2.1894960e-03
   1.1479080e-03
  -3.6323100e-04
  -7.7287300e-04
  -2.3668660e-03
  -1.9973460e-03
  -2.1858260e-03
  -1.6779780e-03
  -2.1196700e-03
  -3.7573830e-03
  -2.9149790e-03
  -3.4689020e-03
  -5.1044750e-03
  -5.4437200e-03
  -6.4366840e-03
  -6.9413720e-03
  -5.9829650e-03
  -4.1697160e-03
  -3.2158960e-03
  -2.7147750e-03
  -1.5461740e-03
  -7.3813300e-04
   1.7670700e-04
   2.1477020e-03
   3.0403610e-03
   3.5976480e-03
   2.6835830e-03
   3.1177310e-03
   3.6765470e-03
   1.9819530e-03
   1.4985700e-03
   2.1117190e-03
   1.7917400e-03
   2.4201790e-03
   4.3496350e-03
   6.0587030e-03
   7.4248580e-03
   4.8931600e-03
   3.0846010e-03
   1.7413830e-03
   1.0859310e-03
   2.0133500e-04
   5.2499400e-04
   1.7873560e-03
   2.3497400e-03
   3.2276180e-03
   3.9569750e-03
   4.7157910e-03
   3.4011140e-03
   2.5992810e-03
   8.8443200e-04
  -4.5921400e-04
  -4.5086600e-04
   1.2100890e-03
   2.9180370e-03
   2.8442350e-03
   1.4717610e-03
  -8.0590100e-04
  -2.8753260e-03
  -3.5784840e-03
  -3.1526950e-03
  -3.8346510e-03
  -5.1728740e-03
  -5.2490210e-03
  -4.4146700e-03
  -2.2671720e-03
   3.4470900e-04
   4.7087600e-04
   1.2001000e-03
   2.4019320e-03
   2.6346530e-03
   8.5526800e-04
   1.0929640e-03
   1.3911290e-03
   8.8447300e-05
  -1.4214040e-03
  -3.0966300e-03
  -3.6149770e-03
  -4.1692070e-03
  -3.8205840e-03
  -4.6687980e-03
  -3.6305740e-03
  -2.8086590e-03
  -1.3037690e-03
  -1.6729830e-03
  -2.3358770e-03
  -3.0003000e-03
  -4.0325100e-03
  -1.8200780e-03
  -1.7552460e-03
  -1.3916380e-03
   2.4823600e-04
  -1.0733920e-03
  -2.9617680e-03
  -1.4882740e-03
  -4.5884700e-04
   8.8186400e-04
   2.4784860e-03
   2.9605450e-03
   5.1007030e-03
   5.9204770e-03
   5.1858200e-03
   4.6195630e-03
   3.0637040e-03
   1.3588150e-03
   2.2150820e-03
   3.5011140e-03
   2.7150810e-03
   2.3812390e-03
  -1.0277200e-04
  -1.0367970e-03
  -1.6115160e-03
  -2.1846030e-03
  -2.0005060e-03
  -1.7712500e-03
  -2.0684000e-04
   1.2050940e-03
   2.7974460e-03
   4.1403590e-03
   4.7167080e-03
   3.6685960e-03
   4.2162000e-03
   2.0438290e-03
  -1.8951000e-04
  -2.2268000e-04
   6.1023300e-04
   3.1326100e-04
  -4.6295500e-04
  -1.0335350e-03
  -2.6401580e-03
  -7.9040600e-04
  -1.2281320e-03
  -4.5205800e-04
  -5.8088600e-04
  -1.3213020e-03
   1.9829730e-03
   3.1670680e-03
   2.7635010e-03
   2.1163060e-03
   2.8647240e-03
   2.9054990e-03
   3.3045810e-03
   4.1428050e-03
   4.0682900e-03
   6.0385200e-03
   6.1945850e-03
   4.7158930e-03
   9.3117000e-04
  -2.2396490e-03
  -2.6633990e-03
  -2.5540210e-03
  -2.4201790e-03
  -3.3061100e-03
  -3.2681890e-03
  -4.1935700e-03
  -4.6586040e-03
  -5.7334240e-03
  -6.9149710e-03
  -6.4671630e-03
  -6.7408630e-03
  -6.1927500e-03
  -4.9919370e-03
  -4.8372990e-03
  -4.6832730e-03
  -4.4726720e-03
  -3.8300640e-03
  -3.3123280e-03
  -4.3236410e-03
  -3.0162020e-03
  -1.8734930e-03
  -2.0236450e-03
  -2.6730830e-03
  -3.7409710e-03
  -6.4801090e-03
  -5.8516700e-03
  -1.3164090e-03
   1.5301700e-03
   3.0919400e-04
   6.1730800e-04
   1.8972440e-03
   3.0826650e-03
   3.5087600e-03
   8.0927500e-04
   5.6514700e-04
  -1.0457680e-03
   1.3507620e-03
   2.3569780e-03
  -1.0098100e-04
  -2.5907190e-03
  -3.9650280e-03
  -1.7396500e-05
   1.1949010e-03
  -2.1756330e-03
  -2.0563670e-03
  -2.6123300e-04
  -3.3312900e-04
  -3.2072300e-04
  -3.5723700e-04
   8.8402500e-04
   9.6560500e-04
   2.9650300e-03
   4.4451490e-03
   4.4110000e-03
   5.8012120e-03
   8.2392290e-03
   1.0102834e-02
   8.7140500e-03
   7.3490170e-03
   6.7606390e-03
   4.2981570e-03
   4.4739970e-03
   4.5856180e-03
   4.2616630e-03
   5.0825590e-03
   3.4344480e-03
   4.9830690e-03
   6.6392320e-03
   7.0969280e-03
   6.3623720e-03
   5.7705290e-03
   4.6554440e-03
   4.1944870e-03
   3.0315940e-03
   2.5640110e-03
   1.8515760e-03
   1.5657460e-03
   1.7997930e-03
   1.3613630e-03
   3.1406670e-03
   3.9089630e-03
   3.6984630e-03
   3.2180360e-03
   2.5672700e-04
   1.9929620e-03
   2.0048890e-03
  -2.5060100e-04
   1.5598340e-03
  -1.0073480e-03
  -2.2192620e-03
  -3.0081490e-03
  -3.2878630e-03
  -3.0754270e-03
  -2.0251740e-03
  -8.3414700e-05
   3.6947900e-04
   3.8176300e-04
   1.4823620e-03
   2.6273140e-03
   2.4326150e-03
   9.6955000e-04
  -8.8490100e-04
  -3.2719610e-03
  -4.6090630e-03
  -3.8325100e-03
  -2.9628890e-03
  -1.0033310e-03
  -5.0713500e-04
  -7.1364800e-04
   3.0540200e-03
   3.3543260e-03
   8.1970300e-04
  -2.1188540e-03
  -3.1506560e-03
  -2.0153880e-03
  -3.9765470e-03
  -4.7133440e-03
  -4.0610520e-03
  -3.3585050e-03
  -3.5189530e-03
  -4.6941800e-03
  -3.1822570e-03
  -3.5974440e-03
  -4.4942820e-03
  -4.7915300e-03
  -5.6363800e-03
  -4.5568720e-03
  -3.8842940e-03
  -2.2598320e-03
  -5.5361800e-04
  -8.8485000e-04
  -5.9297500e-04
   5.2142600e-04
  -8.3399400e-04
  -2.7578900e-05
   1.5995890e-03
   2.2651330e-03
   2.2364890e-03
   2.4364890e-03
   2.7187510e-03
   2.6122270e-03
   3.9626830e-03
   4.4928550e-03
   3.4981580e-03
   1.9947970e-03
   2.7496380e-03
   2.2184460e-03
   2.4871510e-03
   2.4638080e-03
   8.5724600e-04
  -2.7004000e-04
  -2.8646200e-04
   2.0639100e-03
   1.5777750e-03
   3.2188520e-03
   4.8564630e-03
   6.1126280e-03
   5.7887750e-03
   2.1340430e-03
   1.9900100e-04
  -2.3082520e-03
  -3.2199730e-03
  -3.6559560e-03
  -4.4282280e-03
  -3.8336320e-03
  -3.6876580e-03
  -2.6063150e-03
  -2.4092710e-03
  -9.8487100e-04
  -1.4236460e-03
  -3.4357730e-03
  -4.2410720e-03
  -5.6157890e-03
  -4.5358730e-03
  -2.6410750e-03
  -1.3769600e-03
  -1.8604450e-03
  -1.5182440e-03
   4.0742000e-04
   1.4687020e-03
  -2.8503500e-04
  -1.2813430e-03
  -1.5584100e-04
  -2.1871520e-03
  -2.0534110e-03
  -2.7496380e-03
  -3.7133460e-03
  -4.1035600e-03
  -4.6007040e-03
  -4.1945890e-03
  -4.7299600e-03
  -2.8879660e-03
  -3.1322060e-03
  -2.2619730e-03
  -5.0450460e-03
  -5.0969320e-03
  -3.5794020e-03
  -4.6405620e-03
  -3.8155890e-03
  -2.2127380e-03
  -1.2496400e-04
  -1.8214030e-03
  -1.0196720e-03
  -6.0141600e-04
  -5.2558500e-04
  -1.6100900e-04
   6.0679800e-05
  -1.7330240e-03
  -4.1852110e-03
  -3.1857220e-03
  -1.2640140e-03
  -1.0497430e-03
  -2.1931660e-03
  -7.5418800e-04
  -1.2064200e-03
  -1.5940800e-04
   1.5066230e-03
  -2.2459700e-04
   1.3914350e-03
   2.5272120e-03
   3.9330200e-03
   4.5689000e-03
   3.5946920e-03
   3.7958130e-03
   2.0880690e-03
   1.2573880e-03
   1.0254820e-03
   2.7354700e-05
  -1.1615680e-03
  -1.6322090e-03
  -2.1331250e-03
  -5.2150800e-04
   1.0179290e-03
   7.7683800e-04
  -6.2995800e-05
  -7.8477900e-04
   1.3878670e-03
   9.5320900e-04
   1.7571800e-04
   1.2789980e-03
   2.0035640e-03
   2.0793030e-03
   2.1839920e-03
   6.6839800e-04
   1.5434220e-03
   1.1138610e-03
  -5.7396400e-04
  -1.9761430e-03
  -4.3253740e-03
  -3.0810330e-03
  -4.0838860e-03
  -6.3472860e-03
  -6.0775620e-03
  -2.1652350e-03
  -1.0981630e-03
  -1.8953070e-03
  -1.1629950e-03
   3.7903100e-04
  -2.4136500e-05
   4.3063100e-04
   2.5418910e-03
   2.7242550e-03
   3.1677820e-03
   3.4382190e-03
   5.7285310e-03
   5.1618650e-03
   2.6953060e-03
   1.4214040e-03
   1.2283360e-03
   4.2667600e-04
  -8.7778600e-04
  -1.6002010e-03
  -2.3460700e-04
   7.2456500e-04
  -7.6902000e-04
  -3.2137550e-03
  -4.3536100e-03
  -3.1731840e-03
  -1.3028520e-03
   3.2478020e-03
   5.4563600e-03
   8.6117060e-03
   1.3895997e-02
   1.5558583e-02
   1.4162051e-02
   4.2029480e-03
  -9.6876460e-03
  -1.8963265e-02
  -2.2543278e-02
  -2.2711473e-02
  -2.2745113e-02
  -1.4857259e-02
  -2.8014210e-03
   7.4575790e-03
   1.2023421e-02
   1.1859303e-02
   9.8598170e-03
   3.7506550e-03
  -9.4198600e-04
  -2.0634000e-04
   3.6662520e-03
   3.2909210e-03
   1.3807310e-03
   7.4097700e-04
   2.1933700e-03
   3.6078420e-03
   6.5944820e-03
   6.0744020e-03
  -1.8322080e-03
  -5.6723640e-03
  -6.8802110e-03
  -6.5741970e-03
  -7.7284250e-03
  -1.0954107e-02
  -1.0886828e-02
  -6.7572750e-03
  -2.5956120e-03
   6.9230200e-04
   3.4116140e-03
   4.1192580e-03
   2.2720650e-03
   9.1026300e-04
   1.0157370e-03
  -3.8031500e-04
  -5.3691000e-04
   3.1197700e-04
   4.9473900e-04
   1.5274180e-03
   2.9590160e-03
   4.1449460e-03
   4.9780740e-03
   6.2212920e-03
   5.1418860e-03
   6.2096700e-04
  -3.9718580e-03
  -4.7338330e-03
  -6.2162000e-04
   1.7883760e-03
   3.1337350e-03
   2.2218100e-03
   3.1961200e-04
   3.2621750e-03
   8.1158860e-03
   9.2124180e-03
   8.0696070e-03
   6.7546250e-03
   6.3260830e-03
   6.0522810e-03
   4.6956070e-03
   4.5666570e-03
   5.8256760e-03
   4.6295520e-03
   1.8931660e-03
   3.3102890e-03
   5.1263910e-03
   6.5630860e-03
   5.6666550e-03
   3.7822550e-03
   9.8268900e-04
  -7.9131300e-04
  -1.7921470e-03
  -4.6421930e-03
  -7.6650200e-03
  -8.3653250e-03
  -4.9214990e-03
  -2.8841940e-03
  -1.3022400e-03
  -2.0600370e-03
  -2.5807290e-03
  -3.1344480e-03
  -3.9220110e-03
  -3.6437230e-03
  -4.4775650e-03
  -2.0929620e-03
  -1.2339420e-03
  -2.9763450e-03
  -3.3765480e-03
  -3.7232340e-03
  -1.8553480e-03
  -4.5543200e-04
  -3.2078430e-03
  -3.8248650e-03
  -2.7017280e-03
  -3.8745080e-03
  -2.0432170e-03
  -1.1001000e-03
  -2.3596280e-03
  -3.4459670e-03
  -3.5944880e-03
  -4.7416830e-03
  -3.9665570e-03
  -3.8596250e-03
  -3.5018280e-03
  -2.5769570e-03
  -1.7735950e-03
  -1.5497420e-03
  -1.4501500e-03
  -1.3453600e-04
   1.1720670e-03
   2.8038680e-03
   4.1452520e-03
   4.1194620e-03
   2.0345530e-03
  -9.1776600e-04
  -5.2393400e-04
   1.4947980e-03
   1.9536150e-03
   3.6471890e-03
   1.1862360e-03
   6.0021300e-04
   9.2315800e-04
   2.9467830e-03
   5.0250660e-03
   4.7672690e-03
   4.5798070e-03
   3.1375060e-03
   2.0764480e-03
   1.2754310e-03
   3.0097800e-03
   4.2922440e-03
   4.0756290e-03
   4.2638040e-03
   5.8322000e-03
   4.3526930e-03
   4.2979530e-03
   4.7620700e-03
   4.2536100e-03
   3.5731830e-03
   2.8777720e-03
   2.9234400e-03
   1.9040740e-03
   2.9093720e-03
   4.4143640e-03
   3.8650280e-03
   3.1909210e-03
   2.3538180e-03
   9.9826500e-04
   4.4121200e-04
  -1.5395480e-03
  -4.3462700e-04
   2.4114100e-04
   1.1086620e-03
   1.3568780e-03
   9.9841800e-04
   9.0500300e-04
  -1.7549400e-03
  -4.7729770e-03
  -5.8828630e-03
  -5.5832710e-03
  -5.5488170e-03
  -5.9407630e-03
  -6.0207830e-03
  -4.4166070e-03
  -3.9577900e-03
  -4.5076360e-03
  -4.3010110e-03
  -3.2249680e-03
  -2.8853150e-03
  -4.0669640e-03
  -3.8667610e-03
  -5.7038620e-03
  -5.1269010e-03
  -5.7033530e-03
  -5.8315890e-03
  -4.5805210e-03
  -4.2605420e-03
  -1.6364900e-03
  -1.3238510e-03
  -6.7441300e-04
   1.4415870e-03
   2.3326150e-03
   2.6365900e-03
   2.1069270e-03
   2.0480080e-03
   2.9512680e-03
   5.6204780e-03
   6.8327080e-03
   4.8240470e-03
   2.2510660e-03
  -5.3608500e-04
  -6.5890800e-04
  -9.0376000e-04
  -2.9860290e-03
  -5.3455550e-03
  -5.5247600e-03
  -2.5672730e-03
  -5.3605400e-04
  -1.2789980e-03
  -4.3226210e-03
  -4.7853120e-03
  -2.9981590e-03
  -3.9372000e-04
   3.6593200e-04
   5.4911200e-04
   4.3406600e-04
   2.3723700e-04
   5.7600300e-04
  -1.6627900e-03
  -3.5548350e-03
  -3.1480060e-03
  -4.2539200e-04
   4.5278200e-04
   6.9328100e-04
   4.7789900e-04
   1.0921490e-03
   3.4926500e-04
  -5.9964200e-04
  -6.6198600e-04
  -1.2727800e-03
  -1.7708430e-03
  -1.7899050e-03
   3.9846000e-04
   1.0169600e-03
   1.8611580e-03
   3.7239480e-03
   9.6050800e-04
  -3.0452500e-04
   5.9862300e-04
   5.5874500e-04
  -4.9031500e-04
   4.9104900e-04
   2.2505560e-03
   2.4125330e-03
   2.3306780e-03
   2.2144710e-03
   5.1787900e-04
  -2.1189560e-03
  -2.0244610e-03
  -1.2538200e-03
  -3.8175300e-04
   3.9565700e-04
  -3.8693100e-04
  -5.5937700e-04
  -1.9146750e-03
  -4.0385240e-03
  -3.3783830e-03
  -2.6944900e-03
  -1.7781820e-03
  -3.1609520e-03
  -2.6643170e-03
  -1.8844000e-03
  -4.5862300e-04
   1.2937790e-03
   3.8014190e-03
   4.5039670e-03
   3.2071290e-03
   4.3055980e-03
   3.5839890e-03
   3.8772600e-03
   3.8182390e-03
   2.3846030e-03
   1.5057050e-03
   2.5539190e-03
   3.3454570e-03
   3.1112070e-03
   1.7371020e-03
   3.9189500e-04
   6.2243500e-04
  -7.5363800e-04
  -1.2718630e-03
  -2.0326200e-04
   6.2429000e-05
   1.8186500e-04
  -3.6101900e-04
  -4.7774600e-04
  -8.0829600e-04
   9.4777600e-04
   4.1694100e-04
   1.9846040e-03
   2.1141650e-03
   1.3934730e-03
   1.9785890e-03
   2.3479060e-03
   5.9379100e-04
  -1.2132490e-03
  -2.8600400e-04
  -7.3375000e-04
  -2.2070290e-03
  -4.7822530e-03
  -3.2149780e-03
  -2.9227260e-03
  -1.0936780e-03
   8.6673600e-04
   4.3499400e-04
  -1.4079480e-03
  -3.1194640e-03
  -1.9446440e-03
  -1.4543290e-03
  -1.1820570e-03
  -1.7720660e-03
  -2.7776700e-03
  -2.3028500e-03
  -1.3257870e-03
  -9.9669500e-04
  -5.9274100e-04
   5.3644100e-04
   1.2147780e-03
   2.9367930e-03
   2.8091690e-03
   2.8271100e-03
   3.4197690e-03
   1.4365920e-03
   9.8621600e-04
   4.4912200e-04
   4.1557500e-05
   1.1138610e-03
   1.1192640e-03
   1.3244620e-03
   1.2844010e-03
   1.0445440e-03
  -5.7612500e-04
  -1.5671700e-04
   6.1644100e-04
  -2.6945900e-04
   1.9028500e-03
   3.3369960e-03
  -2.9467800e-04
  -5.8838800e-04
   7.1821500e-04
  -2.6713500e-04
   5.4893900e-04
   3.1998920e-03
   2.6292510e-03
   1.0804260e-03
   8.5802100e-04
   1.0391420e-03
   8.3449400e-04
   9.9910100e-04
   1.0251800e-04
  -1.2585090e-03
  -1.6229330e-03
  -1.6978560e-03
   2.0336400e-04
  -9.0019200e-04
  -7.0185400e-04
   8.7119100e-05
  -3.4440300e-04
  -4.8443300e-04
  -1.3267050e-03
  -1.1384280e-03
   1.0054010e-03
  -1.4420000e-04
  -1.1995900e-03
  -1.6344510e-03
  -1.8156950e-03
  -1.8111070e-03
  -5.5279200e-04
   1.5822600e-03
   2.4264990e-03
   2.9706360e-03
   1.4944920e-03
   1.7026470e-03
   4.6222100e-04
  -1.3906190e-03
  -9.3277100e-04
  -1.3036670e-03
  -1.2936770e-03
  -7.0499300e-04
  -2.3113100e-03
  -3.8147730e-03
  -3.9956090e-03
  -2.9074350e-03
  -9.2855100e-04
  -1.6450530e-03
  -1.8017290e-03
   1.0324140e-03
   2.6960190e-03
   2.1997920e-03
   1.7221170e-03
   2.8775680e-03
   1.6213020e-03
   1.3385290e-03
   3.0734900e-03
   3.7750180e-03
   5.4147700e-03
   5.2137510e-03
   2.2929620e-03
  -1.7344510e-03
  -8.0654270e-03
  -9.1946810e-03
  -6.5401500e-03
  -3.6542230e-03
  -2.8210950e-03
  -4.6042720e-03
  -3.5876580e-03
  -1.4655420e-03
   8.1301600e-04
   6.8047800e-04
  -1.1959200e-03
  -3.2242550e-03
  -2.5288430e-03
  -1.7080500e-03
  -3.7984600e-04
  -1.0956150e-03
  -7.0161900e-04
   1.6028510e-03
   3.0893920e-03
   4.8453520e-03
   6.0502430e-03
   2.1646240e-03
  -3.0339390e-03
  -4.8865350e-03
  -4.0481060e-03
  -2.0864380e-03
  -1.2364910e-03
  -2.1560610e-03
  -3.0520800e-04
   1.5706390e-03
  -3.4039700e-04
  -1.5711490e-03
  -1.5450530e-03
  -6.2142600e-04
  -4.1142600e-04
  -5.9575800e-04
  -9.7193500e-04
  -1.3381220e-03
   8.8364800e-04
   4.2376060e-03
   3.1332250e-03
   2.7603410e-03
   1.0544320e-03
   1.3236470e-03
   1.3918420e-03
   1.1859300e-03
   1.3004100e-04
  -2.6770600e-04
  -3.9672700e-05
   4.7237400e-04
   1.5697220e-03
   7.3979500e-04
   2.9968300e-04
   1.4062150e-03
   4.1661490e-03
   4.0005020e-03
   3.0060080e-03
   1.5682950e-03
   2.8529000e-03
   5.4810290e-03
   5.2906110e-03
   4.3453530e-03
   1.8336350e-03
   8.2891800e-05
  -1.8344510e-03
  -3.0857230e-03
  -7.7278100e-04
   1.6860310e-03
   2.6215030e-03
   9.9097700e-04
  -8.4188400e-04
  -1.0978570e-03
  -3.5741000e-05
  -7.0170100e-04
  -6.9016200e-04
  -9.7344400e-04
  -3.6423000e-04
  -1.3269090e-03
  -1.2075410e-03
  -9.0463600e-04
  -9.4413700e-04
  -1.3863400e-05
  -1.6789000e-04
  -1.4476000e-04
  -1.0156550e-03
  -1.9717600e-04
  -5.6074300e-04
  -3.7733900e-04
  -5.8358700e-04
  -9.6667500e-04
  -1.1797120e-03
   9.8373900e-04
   8.6610400e-04
  -1.1135550e-03
  -2.1460710e-03
  -2.1592210e-03
  -4.3916300e-04
   7.6915200e-06
   9.8212900e-04
   1.1854210e-03
  -2.8847000e-04
  -1.3131470e-03
  -1.4949000e-03
  -1.9163060e-03
   6.4743000e-04
   1.2279300e-04
  -9.7868300e-05
  -1.3172250e-03
  -2.9786890e-03
  -1.9869480e-03
  -1.9301690e-03
  -7.8348500e-04
   1.8984700e-04
   6.9012100e-05
  -1.8801200e-05
  -1.3345540e-03
  -2.6980580e-03
  -2.3809330e-03
  -2.3192610e-03
  -7.0898900e-04
  -1.4620800e-04
  -2.9859300e-04
  -1.0434230e-03
   1.8167100e-04
   1.7702310e-03
   3.1803200e-03
   2.4246640e-03
   1.8026470e-03
   3.1538160e-03
   2.6972420e-03
   2.7992810e-03
   2.1893940e-03
   2.1835840e-03
   1.5238500e-03
   1.6514750e-03
   1.0554520e-03
   5.6311800e-04
  -3.3691100e-06
  -1.1922500e-03
  -1.0849110e-03
  -3.0714500e-04
   8.9402500e-04
   8.9828600e-04
  -8.2168000e-04
  -1.5353690e-03
  -4.7624800e-04
   5.7305700e-04
   5.1151800e-04
   1.0901100e-03
   1.8698230e-03
   1.2557570e-03
   7.0204800e-04
   3.7348500e-04
