   3.9111034e-02
   2.0720652e-02
   6.8165000e-03
   2.3124320e-03
   1.8919430e-03
  -2.0471926e-02
   2.7397500e-04
   1.0658490e-02
  -8.5117060e-03
  -2.1337368e-02
  -2.2314940e-03
   4.3939770e-03
  -7.4859180e-03
  -1.4241562e-02
  -3.4625820e-03
  -3.9884730e-03
  -5.8229240e-03
   3.0168130e-03
   2.2183440e-03
   6.3318940e-03
  -2.8048870e-03
  -3.5805230e-03
  -4.6920390e-03
   1.2892941e-02
   1.0481121e-02
   1.2442381e-02
   9.3775600e-04
   7.3712390e-03
   3.8916300e-04
   5.2801120e-03
   5.9019250e-03
   2.0010150e-03
   3.0960200e-04
   1.3582032e-02
  -9.0007980e-03
  -1.4728820e-03
   1.3379178e-02
  -1.0731885e-02
  -1.8564693e-02
  -7.8099700e-04
   2.3079460e-03
   8.0139490e-03
   4.0166080e-03
   2.4220140e-03
   7.8612480e-03
   1.2893960e-02
   9.7417750e-03
   3.9730810e-03
  -9.0401500e-05
  -4.7646180e-03
  -1.9991805e-02
  -1.3672756e-02
   2.8925530e-03
  -4.8830690e-03
  -5.7422920e-03
   1.0827705e-02
   2.0989764e-02
   1.9608520e-03
  -2.4555506e-02
   1.0486218e-02
   3.7094730e-03
  -1.5049919e-02
  -2.3936751e-02
  -8.0279100e-04
  -7.3988640e-03
  -9.0101760e-03
   3.7094730e-03
   1.6998947e-02
  -1.4370002e-02
   1.9246650e-03
   2.9348570e-03
   2.7810340e-03
   1.2646254e-02
  -3.6911240e-03
  -1.0862364e-02
  -2.0613618e-02
  -5.7461660e-03
  -2.5718600e-04
   6.8126260e-03
   1.2284379e-02
   3.6188510e-03
  -2.5763460e-03
   6.9191500e-03
   9.6845880e-03
  -1.1437286e-02
   4.4071270e-03
   6.4314860e-03
  -2.5395460e-03
  -4.5843940e-03
   7.1114030e-03
  -2.7355704e-02
  -5.3281240e-03
   1.7207917e-02
  -2.0409750e-03
  -1.0420978e-02
  -1.3070310e-02
  -1.4827697e-02
   1.1885807e-02
  -1.7037680e-03
  -6.6349510e-03
  -7.9335210e-03
  -4.1779730e-03
  -8.4780670e-03
  -1.0891925e-02
   2.1269071e-02
  -2.0459690e-03
  -1.8156946e-02
  -1.7116174e-02
   2.7064170e-03
  -1.0328216e-02
   8.0217980e-03
  -9.2110930e-03
   8.4665480e-03
   2.3011170e-03
  -2.1839916e-02
  -1.6925552e-02
  -1.2808333e-02
   1.4504558e-02
   3.8264960e-03
   1.5978560e-03
  -1.4121277e-02
  -5.1960140e-03
  -2.2494348e-02
  -1.4024437e-02
  -1.7023411e-02
   1.0743098e-02
  -1.8687017e-02
  -1.9097821e-02
  -1.6874584e-02
  -1.8694152e-02
  -2.5906167e-02
   9.6300520e-03
   1.7747161e-02
   4.4089620e-03
  -4.5987676e-02
   5.3052900e-03
   3.5361805e-02
   3.6992790e-02
   2.7709424e-02
  -3.1957123e-02
  -3.2196672e-02
  -3.9216030e-03
   4.8403573e-02
   8.7361700e-03
   2.6819520e-03
   5.5098800e-04
  -1.3859299e-02
  -2.8044795e-02
  -2.1702300e-03
   1.0627909e-02
  -5.3230300e-04
   1.2789985e-02
   1.8719636e-02
   2.4333285e-02
  -7.3187400e-04
  -1.2691106e-02
   2.5118196e-02
  -3.6801100e-04
  -6.2278160e-03
  -1.4419951e-02
  -1.7447468e-02
  -2.2080486e-02
  -8.2845910e-03
  -1.4828717e-02
   1.3041768e-02
   4.6602354e-02
   1.2861300e-04
  -4.8304695e-02
   1.9721673e-02
   2.4586087e-02
   2.9506566e-02
   2.1071314e-02
  -2.3631960e-03
  -6.4323010e-03
  -3.1528989e-02
   1.1042791e-02
  -2.7148770e-03
   4.8044755e-02
   1.9550420e-02
  -8.9625710e-03
  -3.9589116e-02
  -5.0671660e-03
   2.5426045e-02
   5.6352590e-03
   3.7567713e-02
   2.8587100e-04
  -3.2120221e-02
  -2.3373042e-02
   2.4497403e-02
   2.6293526e-02
   3.2176290e-03
  -2.9252745e-02
  -7.7515640e-03
  -2.4835832e-02
   3.1727760e-03
   1.3208944e-02
  -1.7067244e-02
  -4.7453523e-02
  -1.9142673e-02
  -1.7938802e-02
  -1.8384265e-02
  -1.6813422e-02
  -7.5794960e-03
   4.2278200e-03
   1.7298640e-02
  -6.9197620e-03
   7.3669580e-03
   1.3121279e-02
  -1.4965312e-02
  -1.6762454e-02
  -4.5266984e-02
  -6.5283253e-02
  -5.4102849e-02
  -9.3936610e-03
  -5.5051900e-04
   8.8508490e-03
   4.0112050e-02
   5.0743017e-02
   8.7111957e-02
   1.3137588e-01
   1.7514746e-01
   1.8448485e-01
   1.3795079e-01
   1.6882739e-01
   1.7119232e-01
   1.6294565e-01
   1.4408738e-01
   1.7262962e-01
   1.5936767e-01
   1.9316985e-01
   1.8119230e-01
   1.7095786e-01
   1.6005065e-01
   1.2325154e-01
   7.9707282e-02
   3.1345503e-02
  -3.5769551e-02
  -1.0698246e-01
  -1.7420964e-01
  -2.6251731e-01
  -3.0886788e-01
  -3.5603395e-01
  -3.7715520e-01
  -3.4040707e-01
  -2.9052950e-01
  -2.6915339e-01
  -3.0142651e-01
  -3.2796061e-01
  -3.0697187e-01
  -2.1348581e-01
  -1.7846040e-01
  -1.2851147e-01
  -1.1689069e-01
  -1.3148801e-01
  -1.0554515e-01
  -9.8140476e-02
   1.1673779e-01
   2.3549392e-01
   3.5205842e-01
   3.8180350e-01
   3.9874538e-01
   3.5910225e-01
   2.9076395e-01
   3.0344487e-01
   2.9186485e-01
   2.7004024e-01
   2.4911265e-01
   2.0468868e-01
   1.2428110e-01
   6.2924440e-02
   1.2556550e-03
  -9.5884620e-03
  -3.3015226e-02
  -6.9855111e-02
  -1.2077448e-01
  -1.4546352e-01
  -1.0879693e-01
  -9.9440169e-02
  -5.7509569e-02
  -8.2254676e-02
  -1.0847073e-01
  -4.7699191e-02
  -1.4368982e-01
  -1.5284373e-01
  -5.8545245e-02
  -4.1427032e-02
  -8.2618590e-02
  -1.0993862e-01
  -1.6272139e-01
  -8.8271993e-02
  -7.7162945e-02
  -4.2749150e-03
  -7.2145627e-02
  -7.7170081e-02
  -2.4669675e-02
  -2.2274165e-02
  -5.7349529e-02
  -6.1498348e-02
  -1.3641155e-01
  -1.5975503e-01
   1.2692130e-03
   5.0966260e-02
   1.2441362e-01
  -9.9920290e-03
   3.3508597e-02
   5.5610491e-02
   1.1889885e-01
   6.5524843e-02
   3.4804211e-02
   1.8413827e-02
   3.1917368e-02
   2.0637064e-02
   1.5783862e-02
   1.6987734e-02
   4.4842930e-03
   5.8925468e-02
   7.6806167e-02
   9.1805118e-02
   3.9337332e-02
  -7.0857150e-03
  -5.8168079e-02
   8.0381083e-02
   1.3868474e-01
   1.7522901e-01
   6.6152772e-02
   6.3878566e-02
   4.7522841e-02
  -4.9654336e-02
  -1.4163071e-01
  -1.1827703e-01
  -1.0448501e-01
  -1.4424028e-01
  -7.8062025e-02
  -4.1575859e-02
  -1.3555528e-02
  -6.2369907e-02
  -6.9793949e-02
  -6.0666550e-03
   1.5448491e-02
   2.9916353e-02
  -3.0824606e-02
  -7.4863256e-02
  -4.5975442e-02
  -2.9147751e-02
   2.4685985e-02
   1.6225248e-02
   1.3066233e-01
   3.3720626e-02
   1.0155943e-02
  -2.6859300e-04
   3.3689025e-02
   2.3990778e-02
   3.6736929e-02
   1.2361851e-02
   7.8100761e-02
   1.9289462e-02
   3.5865372e-02
   2.8202798e-02
  -3.3679851e-02
  -1.7472952e-02
   3.4975466e-02
  -1.5771630e-02
   1.3333307e-02
  -2.9899024e-02
  -1.0659510e-01
  -1.2283360e-01
  -9.8903983e-02
  -1.0291519e-01
  -8.5195549e-02
  -1.7765510e-02
  -1.4377137e-01
  -1.9273152e-01
  -1.6129427e-01
  -1.9426057e-01
  -2.0399551e-01
  -8.5088514e-02
  -8.7264861e-02
   4.9108974e-02
   1.0822608e-01
   1.4768574e-01
   8.6511551e-02
   5.4143621e-02
   2.1870497e-02
   7.4145622e-02
   1.2443400e-01
   1.3871532e-01
   8.2202691e-02
   5.9260838e-02
   1.1968376e-01
  -5.7681841e-02
   1.1914349e-02
  -4.9528954e-02
   4.7934665e-02
   3.0085567e-02
   3.7435196e-02
   9.4012040e-03
   3.5894933e-02
   1.0361855e-01
   8.1026342e-02
  -3.7840900e-03
   1.0731885e-02
   1.3493347e-01
   1.7071322e-01
   2.1846032e-01
   1.3235448e-01
   1.2592228e-01
   1.9653376e-01
   2.0227279e-01
   8.0403508e-02
  -9.6821420e-03
   7.6921355e-02
   1.7412809e-01
   2.4890878e-01
   1.6435237e-01
   1.4935750e-01
   7.3199649e-02
  -8.7524798e-02
  -2.4656424e-01
  -3.3142645e-01
  -2.2842972e-01
  -3.5307779e-01
  -2.1496389e-01
  -1.4568778e-01
  -9.7593076e-02
  -1.1793045e-01
  -1.0483160e-01
  -1.9508626e-01
  -2.5148777e-02
  -3.4499422e-01
   1.1434228e-02
  -1.5246657e-01
  -2.3276202e-01
  -1.4090696e-01
  -6.6842883e-02
  -2.3562644e-01
  -4.0808277e-02
  -6.6023313e-02
   1.6797112e-02
   9.5335182e-02
   4.2358733e-02
   6.0959104e-02
   1.3531064e-01
   7.9079353e-02
   1.9351643e-01
   1.3033613e-01
   3.4360789e-01
   3.0710438e-01
   2.6969365e-01
   1.5031570e-01
   1.9225242e-01
   2.3284357e-01
   1.2050944e-01
   1.7481107e-01
   1.9454599e-01
   2.2254798e-01
   1.5808327e-01
   8.9628770e-02
   1.9532071e-01
   5.0068198e-02
  -4.1529989e-02
  -4.6276156e-02
   2.1655410e-02
   2.6764472e-02
  -5.3180322e-02
   3.5809306e-02
  -9.3819384e-02
  -4.7171158e-02
  -2.1156940e-01
  -7.1621672e-02
  -1.4363886e-01
  -1.7692116e-01
  -1.7548385e-01
  -1.8764489e-01
   1.3643194e-01
   4.0711438e-02
  -1.9858268e-02
  -2.9862324e-01
  -3.5803190e-01
   7.0525852e-02
   2.9361817e-01
   3.2427051e-01
  -1.2114145e-02
  -3.0270071e-01
  -7.0126262e-02
   1.4634018e-01
   2.3669677e-01
   2.6355708e-01
   3.8867404e-01
   4.3165050e-01
   2.9057025e-01
  -2.5260908e-02
  -2.7860292e-02
   1.6900068e-01
   1.1450538e-01
   3.4226231e-01
   1.8696191e-02
  -4.8672687e-01
  -6.8611485e-01
  -3.0811355e-01
   1.7157968e-01
   6.8729730e-01
   6.1484076e-01
   2.9252745e-01
   1.1083566e-01
  -3.8716539e-02
  -3.1616654e-01
  -6.5755220e-01
  -2.2469884e-01
   1.0204873e-01
   3.1030520e-01
   4.1827643e-01
   3.2959159e-01
   1.8866425e-01
  -2.7231343e-01
  -6.2249621e-01
  -7.3348476e-01
  -4.5228247e-01
  -2.5762436e-01
  -1.0746156e-01
  -4.0397473e-02
  -1.6078459e-01
  -3.7058030e-01
  -1.1155941e-02
   4.0528970e-01
   7.0864283e-01
   8.9994722e-01
   7.1731762e-01
   6.5103846e-01
   5.3927517e-01
   2.7271097e-01
   3.3819505e-01
   9.0427954e-02
  -3.5196669e-01
  -5.2024360e-01
  -2.8191584e-01
  -1.0117003e-01
  -1.8299658e-01
  -5.3701219e-02
  -5.7898966e-02
   1.8747159e-01
  -2.9210950e-01
  -7.2540119e-01
  -6.8993746e-01
  -8.6063030e-01
  -8.6668531e-02
  -2.9513702e-01
  -4.6381151e-01
  -2.1915349e-01
  -8.7828571e-02
  -1.2824643e-01
  -1.9629930e-01
  -4.7050875e-02
   1.0890906e-01
  -1.4339421e-01
  -5.6471854e-01
  -4.9140575e-01
  -3.8459657e-01
  -4.8198680e-01
  -6.0362774e-01
  -7.0357658e-01
  -2.5532059e-01
   1.8663571e-01
   1.1944930e-01
  -1.1951046e-01
  -4.5332224e-01
  -3.5993812e-01
  -2.6535116e-01
  -3.4185456e-01
  -9.8647101e-02
  -1.6295584e-01
  -4.7323046e-02
   2.9641124e-01
   3.8178313e-01
   3.0468848e-01
   4.6901027e-01
   5.7219049e-01
   5.4708351e-01
   4.1030500e-01
  -6.9302613e-02
  -1.7734929e-01
  -3.5560580e-01
  -4.6136503e-01
  -3.6407674e-01
  -3.7303696e-01
  -2.4883742e-01
   2.9774659e-01
   5.2954024e-01
   3.6224188e-01
   5.7621700e-01
   7.2624726e-02
  -2.2153880e-01
  -6.2936674e-01
  -4.8052911e-01
  -4.5307759e-01
  -5.5121195e-01
   3.1466807e-01
   2.6264983e-01
   6.8469791e-01
   6.1597227e-01
   2.2529007e-01
   1.9608524e-01
   1.9629930e-01
   1.7141658e-01
   7.9472828e-02
   2.4299646e-02
  -1.0349623e-02
   9.4189414e-02
   2.5048880e-01
   3.7338355e-01
   3.8619698e-01
   3.2478019e-01
   1.5498440e-01
   1.5529021e-01
   3.1455596e-01
   3.6567715e-01
   3.4355691e-01
   3.4727760e-01
   2.1539203e-01
   5.9266957e-02
   7.1253680e-02
  -2.2080486e-01
  -5.2646174e-01
  -6.0739939e-01
  -7.2117083e-01
  -1.5551447e-01
   6.7855114e-02
   1.0328216e-01
   2.2141648e-02
  -1.6835848e-01
  -2.3563663e-01
  -3.7016236e-01
  -4.4268006e-01
  -2.7593216e-01
  -1.4456648e-02
   1.7915357e-01
   3.7333259e-01
   4.4674732e-01
   3.0290458e-01
   9.9960046e-02
   1.2074390e-02
  -6.4418833e-02
   1.0167870e-01
   1.8312909e-01
   8.0445303e-02
   9.4123154e-02
   1.5366942e-01
   3.7567713e-01
   4.1932637e-01
   4.1441304e-01
   3.8848036e-01
   3.0791988e-01
   7.9517680e-02
  -1.1897020e-01
  -3.7561598e-01
  -4.5281256e-01
  -4.6442313e-01
  -2.2461729e-01
   1.4815465e-02
   2.8611565e-01
   3.0475984e-01
  -3.2498407e-02
  -6.1405585e-02
  -1.1730863e-01
  -2.4664579e-01
  -4.3829678e-01
  -3.7475970e-01
  -3.0662528e-01
  -3.1290457e-01
   5.3681849e-01
   4.2092678e-01
   4.3106948e-02
  -2.5018299e-01
  -2.1128398e-01
  -2.9732867e-01
  -2.5014221e-01
  -2.6357746e-01
   1.7097825e-01
   2.5482110e-01
   2.2965296e-01
   7.0924425e-02
  -2.7410750e-01
  -2.5866411e-01
  -2.4313917e-01
  -3.6981577e-02
   3.5505536e-01
   5.0280224e-01
   4.1713475e-01
   4.6018257e-01
   3.6657420e-01
   4.4094713e-01
   2.4195670e-01
  -5.6682863e-02
  -1.7643186e-01
   2.5082519e-01
   2.7033585e-01
   3.4290451e-01
  -3.3065174e-02
  -1.3919442e-01
  -2.3610554e-01
  -2.5031550e-01
  -2.6300662e-01
   2.4942866e-01
   3.4957116e-01
   2.0345525e-01
   1.8401594e-01
   2.7056010e-01
   1.2165113e-01
   1.2830759e-02
  -4.4772590e-02
   4.1303688e-02
   2.2759384e-02
  -1.5175301e-01
  -2.3835834e-01
  -2.6688021e-01
  -1.8123307e-01
  -2.8691074e-02
   2.4118198e-01
   4.5775647e-01
   4.6444350e-01
   3.8381166e-01
   1.8595274e-01
  -3.7869445e-02
  -5.4964210e-03
  -7.7023290e-03
  -1.6794054e-02
  -1.4988757e-02
  -1.3791002e-01
  -1.7390383e-01
  -1.3564703e-02
  -5.8819453e-02
  -1.2230353e-01
  -1.5696197e-01
   1.1847071e-01
   1.7044818e-01
   2.1251741e-01
   2.6426043e-02
  -1.2769597e-01
   6.9342368e-02
   6.2972351e-02
  -5.7451465e-02
  -8.1202692e-02
   7.5773549e-02
  -1.2382238e-01
  -1.7051954e-01
  -1.8244612e-01
  -2.0737981e-01
  -3.2662523e-01
  -3.7890853e-01
  -2.5963251e-01
  -1.9964282e-01
  -1.7763471e-01
   4.6248633e-02
   2.6396480e-01
   3.3554469e-01
   1.7035644e-01
  -4.6388287e-02
  -9.1239368e-02
  -2.8469871e-01
   5.1724666e-02
   1.8604448e-01
   1.9996902e-01
   2.0436249e-01
   1.4013224e-01
   4.2887783e-02
  -3.5489227e-02
   4.5686962e-02
   8.6108900e-02
   1.1321078e-01
   1.4484171e-02
  -9.1659349e-02
  -1.5086616e-01
  -1.4802213e-01
  -1.3867454e-01
   1.0037697e-02
  -1.0349623e-01
  -2.7223187e-02
   4.0503487e-02
   7.6688938e-02
   1.3796099e-01
   1.4171226e-01
   6.0287340e-02
   4.6937724e-02
  -1.0888867e-01
  -2.0182427e-01
  -2.6571813e-01
  -1.4762458e-01
   8.3380057e-02
   1.5158991e-01
   1.7247672e-02
  -1.2748191e-01
  -3.4280257e-02
   3.4753243e-02
   5.6993771e-02
   1.0969397e-01
   2.1467847e-01
   1.6780802e-01
   1.5974484e-01
   1.4421989e-01
   1.5391406e-01
  -1.6830751e-02
  -7.2091598e-02
  -1.6492322e-01
  -3.2694124e-01
  -3.2392392e-01
  -3.0596268e-01
  -2.5731855e-01
   1.1763483e-02
  -1.1850129e-01
  -1.2793043e-01
  -5.3210903e-02
  -3.1224200e-04
  -4.6992770e-02
   3.1694125e-02
   1.4553488e-02
  -6.5268982e-02
  -1.0376126e-01
   3.0739999e-02
  -7.7149693e-02
  -5.2548315e-02
  -1.2160017e-01
  -1.7786917e-01
  -2.3430126e-01
  -1.3389372e-01
  -7.4784764e-02
  -8.8494220e-03
   2.6517786e-02
  -1.5684984e-01
  -2.8615640e-02
  -8.9800025e-02
  -1.1337388e-01
  -8.9232240e-03
   7.3094655e-02
   1.3587129e-01
   2.7543268e-01
   2.0742058e-01
   1.1591210e-01
   4.8868404e-02
  -1.1062159e-02
  -6.7520763e-02
  -1.0515779e-01
  -1.4745128e-01
  -1.3640136e-01
  -5.2078386e-02
  -9.1635901e-02
  -8.2038572e-02
  -1.4075405e-01
  -9.1379022e-02
  -1.3761440e-01
  -1.7229323e-01
  -1.7869485e-01
  -9.2015107e-02
  -2.1285381e-01
  -1.5975503e-01
  -1.2740036e-01
  -1.0852170e-01
  -1.0273170e-01
  -1.2648293e-01
  -1.3506599e-02
  -1.0703343e-01
  -2.1829722e-02
   5.2622728e-02
   7.7387210e-03
   1.2063177e-01
   1.6795073e-01
   1.5119236e-01
   9.4502360e-02
   5.7493260e-02
   8.6070170e-03
   1.6782841e-01
   4.8566672e-02
  -7.9996780e-03
  -5.7519763e-02
  -9.1711335e-02
   1.8492320e-03
   7.5225129e-02
   9.5504396e-02
   2.3300667e-02
   9.3349456e-02
   5.6537094e-02
  -7.3780688e-02
  -8.7845900e-02
  -1.6007104e-01
  -6.0078371e-02
  -1.6274177e-01
  -2.3785885e-01
  -5.2433127e-02
   1.2327193e-01
   8.6266903e-02
   1.3062160e-03
   9.9464632e-02
   1.3764499e-01
   1.4541255e-01
   9.7932520e-03
  -6.9208833e-02
  -1.0542283e-01
  -1.5499459e-01
  -3.1373026e-01
  -1.6222190e-01
  -7.6973343e-02
   7.1953985e-02
   3.2031536e-02
  -4.2134473e-02
  -2.8910239e-02
   8.7581885e-02
   1.2093758e-01
  -2.8146732e-02
  -2.8932664e-02
   4.4317950e-03
   1.8129423e-02
   6.6913219e-02
  -4.1016228e-02
  -4.3836814e-02
   7.3367846e-02
   2.1167134e-02
  -2.0541243e-02
  -2.6007083e-02
  -3.6206859e-02
  -4.1485136e-02
  -1.6347572e-01
  -1.9925546e-01
  -1.9750215e-01
   9.4947800e-04
  -4.7022330e-03
   1.0263996e-01
   1.7919434e-01
   1.4875607e-01
   1.2279282e-01
   1.7426061e-01
   2.1589152e-01
   2.4979563e-01
   2.3899035e-01
   2.5578950e-01
   2.5726758e-01
   3.0175270e-01
   2.0418919e-01
   1.1733922e-01
   1.4473977e-01
   1.3703336e-01
   4.8327120e-02
   9.8335180e-03
   6.6675707e-02
   5.1545258e-02
   4.8090628e-02
   1.3902113e-01
   1.7450526e-01
   1.9659492e-01
   1.9375089e-01
   1.5533098e-01
   9.9532929e-02
   1.0100489e-01
   2.9224202e-02
  -2.2792003e-02
  -2.6859273e-02
  -1.0748195e-01
  -1.7478049e-01
  -1.4672753e-01
  -1.1814451e-01
  -1.5398542e-01
  -1.2336367e-01
  -9.5518668e-02
  -1.9503529e-01
  -1.0139837e-01
  -1.3413840e-03
  -2.8355703e-02
  -1.0021998e-01
   2.6415850e-02
   8.8150690e-02
   1.3970410e-01
   4.6993791e-02
  -1.2886824e-02
   3.7820515e-02
   1.0290499e-01
   2.4750205e-02
  -1.0543302e-01
   3.0431132e-02
   1.6625859e-01
   5.5111001e-02
   1.4979583e-01
   2.1524932e-01
   2.1167134e-01
   2.2427070e-02
  -1.2013228e-02
  -8.4469758e-02
  -1.4067250e-01
  -1.5962251e-01
  -1.9947972e-02
   7.6607389e-02
  -1.1519855e-02
  -6.4772550e-02
   5.8118131e-02
   7.6436137e-02
  -1.0328216e-01
  -3.0075374e-02
   5.1210908e-02
   1.0363894e-01
   9.3843850e-02
   1.0237492e-01
  -5.6875520e-03
  -3.9282286e-02
  -4.1654351e-02
  -1.3969391e-01
  -8.3978430e-03
   1.2847069e-01
   1.3436263e-01
   1.6325146e-01
   3.0657430e-01
   1.7378151e-01
   6.2073271e-02
   1.2147784e-01
   1.9661530e-01
   1.3561645e-01
   1.5444414e-01
   1.0043915e-01
   1.0076229e-01
   1.0828725e-01
  -1.4782845e-01
  -4.4470859e-01
  -3.1272110e-01
  -6.7843902e-02
  -3.6847021e-02
   3.8975456e-02
   1.1286420e-01
   3.0767522e-02
  -4.0840896e-02
   7.0095681e-02
  -1.6036670e-03
  -4.2061077e-02
  -4.3937730e-02
   2.8760392e-02
  -7.6997806e-02
  -3.8098801e-02
  -2.6199743e-02
  -1.4164090e-01
  -1.8834825e-01
  -1.7120251e-01
  -1.9344508e-01
  -1.8770605e-01
  -3.6825610e-03
   9.7272995e-02
  -3.7849058e-02
  -1.3712511e-01
  -5.2202751e-02
  -1.0988765e-01
  -6.1603342e-02
   3.7013178e-02
   5.2442300e-03
  -5.0064120e-02
  -9.9375949e-02
   9.6849960e-03
   1.1818529e-01
   1.9042775e-02
  -1.8185489e-01
  -1.3972449e-01
  -1.0661549e-01
  -1.3160015e-01
  -3.3924499e-02
   5.7241480e-03
   4.9633948e-02
   9.3493187e-02
  -4.4085540e-02
   3.2247641e-02
   1.0032294e-01
   3.4285355e-02
   9.4191452e-02
   1.3105988e-01
   1.9234416e-01
   9.2695024e-02
  -7.1822490e-03
  -9.3153739e-02
  -1.9598330e-01
  -1.0893964e-01
  -3.5210938e-02
  -7.4757241e-02
  -5.3502440e-03
   9.9538030e-03
   3.7667610e-03
  -1.5613628e-01
  -9.6465658e-02
  -6.9236356e-02
  -1.3757363e-01
  -1.7194665e-01
  -1.2033615e-01
  -8.3747029e-02
   6.7023311e-02
   1.3266028e-01
   2.0247666e-01
   1.2050944e-01
   3.8166081e-02
   3.6455584e-02
  -4.5550370e-03
  -1.4552468e-01
  -1.7074380e-01
   2.3178343e-01
   1.0382242e-01
   7.0946850e-02
   1.2941870e-01
   8.1345403e-02
  -1.5991813e-02
  -1.0896003e-01
  -1.2680912e-01
   2.2522891e-02
  -1.9546342e-02
   3.2717569e-02
   6.9982531e-02
   9.3788804e-02
   1.0663587e-01
   1.2635041e-01
  -6.6626779e-02
   8.5469800e-04
  -5.5747086e-02
  -2.5292508e-02
   3.2527970e-03
   3.7803185e-02
  -1.1940853e-02
   7.9238373e-02
   9.4864233e-02
   4.6720599e-02
  -7.7784760e-03
   8.7875460e-03
   1.2191617e-02
   5.6186431e-02
   4.3639056e-02
   2.2121261e-02
  -2.2078447e-02
  -5.5145660e-02
  -8.0203713e-02
  -3.1382200e-02
  -1.3714550e-01
  -1.3692124e-01
  -4.5612548e-02
  -3.5119190e-03
  -1.6011181e-01
  -1.6815461e-01
  -1.1886826e-01
  -1.0014659e-01
  -4.7875541e-02
  -5.6581946e-02
  -6.2313841e-02
   3.5437239e-02
   4.4416832e-02
   9.8000820e-03
   2.9060086e-02
   7.6498317e-02
   2.8382206e-02
   1.4331266e-02
  -3.8151810e-03
  -1.5767553e-02
  -2.8636027e-02
  -2.2830739e-01
  -1.9900062e-01
  -1.5919438e-01
   1.7566733e-02
   2.7207897e-02
   1.7652360e-02
   1.5601396e-02
  -7.1535025e-02
  -3.4676792e-02
  -7.4122180e-03
  -6.8144610e-03
   7.8920330e-03
  -5.1703261e-02
  -8.9216946e-02
  -1.7477029e-02
   1.3240544e-02
   6.7026369e-02
   6.3484074e-02
   5.3516713e-02
   9.5978403e-02
   7.6126249e-02
   1.0209969e-01
   1.1834839e-01
   1.3996914e-01
   6.1418836e-02
  -6.3916280e-03
  -3.8583001e-02
  -5.0509583e-02
  -1.2380200e-01
  -1.7565714e-01
  -1.6371017e-01
  -9.3616531e-02
  -2.6756319e-02
   3.3263949e-02
   1.6495380e-02
  -6.1577860e-02
  -1.0538205e-01
  -1.0601406e-01
  -1.5696197e-01
  -7.4127272e-02
  -1.9011175e-02
   2.5309837e-02
   5.9138514e-02
   7.2898937e-02
   4.3657406e-02
   1.2734939e-02
   1.0582038e-01
   1.2771636e-01
   1.0450540e-01
   1.4903130e-01
   1.1454615e-01
   7.9987609e-02
   5.0976454e-02
   1.2556550e-01
   1.2616692e-01
   6.8819433e-02
   5.1598267e-02
   1.0997939e-01
   1.4068270e-01
   5.9134439e-02
   2.7210955e-02
   1.3096814e-01
   1.1753289e-01
   6.6747062e-02
   1.5516789e-02
   5.4552388e-02
   6.5140542e-02
   7.5331144e-02
   7.5766413e-02
   9.3638956e-02
   6.5253693e-02
   3.8685958e-02
   2.1095778e-02
   4.1525911e-02
   2.4735934e-02
  -3.6221130e-02
  -4.6500417e-02
  -5.0666566e-02
  -1.0455637e-01
  -1.5108023e-01
  -1.5719642e-01
  -1.0736982e-01
  -4.9685934e-02
  -1.5253792e-02
  -8.2042650e-02
  -1.1121283e-01
  -8.9564550e-02
  -1.7582024e-01
  -2.1540222e-01
  -1.5865412e-01
  -7.7969264e-02
   6.3332190e-03
   2.7590158e-02
  -5.0024365e-02
  -3.3497385e-02
  -2.9232358e-02
   9.3264850e-03
   4.1751192e-02
   4.4078404e-02
   2.6562639e-02
  -1.5771630e-02
  -6.5107924e-02
  -5.8822511e-02
  -7.3383135e-02
  -6.0528930e-02
   2.4826660e-03
   4.7837824e-02
   8.2354575e-02
   2.3293531e-02
   2.3373042e-02
   2.2022382e-02
   4.7771567e-02
   6.9283246e-02
   7.6304637e-02
   9.2171069e-02
   1.1326175e-01
   8.4327047e-02
   6.2457572e-02
   4.4058017e-02
   4.2099814e-02
  -2.0240530e-03
  -2.3433185e-02
  -3.8195642e-02
   3.2061097e-02
   7.2326052e-02
   7.5137464e-02
   7.0931561e-02
   1.0659510e-02
   1.1550436e-02
   6.7429020e-02
   4.3163012e-02
   2.5057034e-02
   1.2651351e-02
   6.8297519e-02
   2.1712495e-02
   5.6326085e-02
   7.8204736e-02
   9.0960062e-02
   6.6288348e-02
   3.1507581e-02
   3.6685961e-02
   9.8038539e-02
   1.0852170e-01
   5.2919365e-02
   9.2105830e-03
  -8.3292392e-02
  -1.4632998e-01
  -1.7579985e-01
  -1.1866439e-01
  -7.9889747e-02
  -1.5297625e-02
   1.0401610e-02
   3.8921430e-03
  -4.7459641e-02
  -4.8444348e-02
  -5.1018246e-02
  -7.4997811e-02
  -4.2911229e-02
  -2.0900060e-02
   2.0229320e-03
  -1.1618733e-02
  -4.4440278e-02
  -8.7843860e-02
  -1.1438305e-01
  -1.4780806e-01
  -1.5752262e-01
  -8.6422866e-02
  -8.7353547e-02
  -1.5555524e-02
   2.7772620e-03
   3.8315930e-03
   5.8000903e-02
   8.6440195e-02
   8.7914198e-02
   9.4620606e-02
   9.7970242e-02
   7.2088540e-02
   2.1784870e-02
  -2.6923493e-02
  -6.1579897e-02
  -2.8548360e-03
   1.1323117e-02
   2.3597302e-02
   1.0282344e-01
   6.8591097e-02
   3.2186479e-02
   1.0772659e-02
  -1.0018838e-02
  -3.3712470e-02
  -5.8495296e-02
  -1.0343506e-01
  -2.3164072e-02
  -6.6960112e-02
  -3.6416847e-02
   2.5857237e-02
   9.7967184e-02
   7.8336236e-02
   1.0587135e-01
   8.0773538e-02
   7.1464689e-02
   5.9013133e-02
   1.5968368e-02
   8.5071180e-03
   1.3383256e-02
  -1.4224233e-02
  -3.8498394e-02
  -5.5302641e-02
  -4.4677790e-02
  -3.1881689e-02
   4.7224170e-03
   4.4261890e-02
   1.0734943e-01
   7.3370903e-02
   2.4612591e-02
  -1.1190599e-02
  -2.1783850e-02
   4.5176260e-03
   3.2109007e-02
   4.1800120e-02
   5.5599277e-02
   5.8450444e-02
   6.4469798e-02
   4.2377080e-02
   7.3272020e-03
  -5.6414770e-02
  -1.0075923e-01
  -1.0383262e-01
  -7.8769465e-02
  -5.4549330e-02
  -4.2256797e-02
  -2.3527986e-02
   4.5259848e-02
   1.5569796e-02
  -3.4792998e-02
  -1.0443404e-01
  -7.5872428e-02
  -3.6231324e-02
   2.2989760e-02
   6.3874491e-02
   7.1783750e-02
   5.7751159e-02
  -5.7626800e-03
  -1.6398540e-02
  -3.7504511e-02
  -3.6064147e-02
  -1.0711497e-02
   3.8235400e-03
  -1.6894971e-02
  -2.5721661e-02
   2.0345525e-02
  -1.0860325e-02
  -4.1420917e-02
  -5.7418846e-02
  -4.6075341e-02
  -6.9734825e-02
  -3.2923483e-02
   1.5203843e-02
  -2.5597298e-02
  -3.6576888e-02
  -1.6725757e-02
  -1.9366934e-02
  -5.5841890e-03
   3.4379136e-02
   1.3784886e-02
   1.7863369e-02
   1.3388352e-02
   1.8507608e-02
   2.3943887e-02
   6.5831670e-03
   3.6916339e-02
   5.7120170e-02
   9.2863220e-03
   1.8726772e-02
   3.0050908e-02
   3.1404627e-02
   7.7002904e-02
   1.1663585e-01
   1.2930657e-01
   4.1882689e-02
  -2.4390369e-02
  -7.0607402e-02
  -3.9561593e-02
  -2.2862340e-02
  -1.2158997e-02
   2.0378145e-02
   4.2545277e-02
   1.6974482e-02
   4.1701241e-02
   4.8350565e-02
   2.1586093e-02
  -3.3031535e-02
  -6.7890793e-02
  -4.5157912e-02
  -6.5126271e-02
  -6.5761335e-02
  -4.1994819e-02
  -5.7668590e-02
  -1.3880706e-02
   3.4625824e-02
   5.1675738e-02
   4.7854133e-02
   2.0922486e-02
  -3.1260896e-02
  -4.8944855e-02
  -3.1893923e-02
  -1.6201802e-02
   3.5529999e-02
   6.7798030e-02
   7.3697101e-02
  -2.6350610e-03
  -5.6732813e-02
  -5.2856162e-02
  -4.2476979e-02
  -2.6482107e-02
  -6.7647162e-02
  -8.8885653e-02
  -5.5807228e-02
  -8.5046722e-02
  -6.7690995e-02
  -5.1331191e-02
  -3.1051925e-02
   1.5246660e-03
  -1.5068268e-02
  -1.7227285e-02
  -8.5722560e-03
  -3.8634990e-02
  -8.4575773e-02
  -8.3977405e-02
  -6.0215985e-02
  -2.0945932e-02
   8.4871390e-03
   5.0623751e-02
   9.3373920e-03
  -2.9517780e-02
  -5.3244540e-03
  -2.3650309e-02
  -4.4715506e-02
  -7.6364782e-02
  -7.6622680e-03
   2.0962241e-02
  -1.6202822e-02
   3.3553449e-02
   8.1833679e-02
   6.2143606e-02
  -6.5653280e-03
  -3.0438270e-03
  -2.1806280e-03
   5.3656400e-04
  -2.0344506e-02
   4.4263930e-03
   8.3488110e-03
  -7.8834700e-03
  -2.0649296e-02
   1.6609549e-02
   2.3743072e-02
   2.9157944e-02
   4.3103888e-02
   5.4266965e-02
   1.8185489e-02
   5.2276144e-02
   2.5301682e-02
   1.1330253e-02
   4.1155880e-03
  -5.6904070e-03
  -3.3422972e-02
   7.2571700e-04
   3.1347541e-02
   1.6494360e-02
  -1.2295592e-02
  -4.0664546e-02
  -7.8706265e-02
  -1.1425054e-01
  -7.2708316e-02
  -2.8077416e-02
   2.9727769e-02
   3.5439276e-02
   3.8540189e-02
   2.5609531e-02
   2.3471920e-02
   2.3618709e-02
  -2.9804220e-03
  -1.7647263e-02
  -1.7479068e-02
   2.6159990e-03
  -1.1629946e-02
  -2.3490269e-02
   9.1127240e-03
   5.6679805e-02
   2.9825628e-02
   3.2575878e-02
   1.9505568e-02
   4.7173198e-02
   2.7878639e-02
   2.4119218e-02
   4.0261897e-02
   4.5311837e-02
   3.0518796e-02
   5.3628840e-03
   2.2625847e-02
   4.0653334e-02
   5.5696118e-02
   2.9920428e-02
   5.2133430e-03
   3.9814396e-02
   4.8767487e-02
   5.4648209e-02
   9.3055880e-02
   1.1378163e-01
   1.1746154e-01
   1.0680917e-01
   1.0609561e-01
   7.2497307e-02
   4.0964240e-02
   3.3843970e-02
   6.3696100e-02
   5.5258808e-02
   2.0356738e-02
   1.9473967e-02
   3.7919393e-02
   1.1777754e-02
   1.4968370e-02
  -9.5355570e-03
  -4.0510623e-02
  -6.6356646e-02
  -8.2214922e-02
  -5.8778679e-02
  -7.6754178e-02
  -8.7859151e-02
  -5.8985612e-02
  -5.4361766e-02
  -6.2782749e-02
  -5.5639031e-02
  -3.2851107e-02
  -7.2162950e-03
  -1.3789983e-02
  -1.8162043e-02
   3.7853136e-02
   5.6589082e-02
   8.3281178e-02
   3.7674745e-02
   3.9317965e-02
   7.6870387e-02
   7.7090569e-02
   3.5913283e-02
  -4.9159940e-03
  -1.6541251e-02
   3.4520829e-02
  -1.7233400e-03
  -2.6196685e-02
   3.6124292e-02
  -3.5397480e-03
  -3.5500438e-02
  -6.8181311e-02
  -9.5121120e-03
   1.5161030e-02
  -6.6832690e-03
  -2.0458675e-02
  -1.0394475e-02
   7.9605350e-03
  -4.1321018e-02
  -5.8202738e-02
  -1.6811383e-02
  -1.1824645e-02
  -3.3568741e-02
  -4.3904092e-02
  -5.2305705e-02
  -5.0785832e-02
  -1.9385282e-02
   1.1342485e-02
   2.6825634e-02
   4.4611532e-02
   1.5992832e-02
  -1.3740034e-02
  -3.5097790e-02
  -4.5821520e-02
  -6.3247579e-02
  -8.3806153e-02
  -8.6299522e-02
  -5.1752189e-02
  -1.8103939e-02
   2.5759378e-02
  -3.6719600e-03
   2.1237470e-02
  -2.9261920e-03
  -1.8365916e-02
  -1.2523930e-02
  -1.6962249e-02
  -1.8017293e-02
  -2.8374050e-02
  -2.3320035e-02
   8.6405540e-03
   2.8349590e-03
   1.7326163e-02
   4.5757300e-02
   5.8078374e-02
   6.9289362e-02
   7.9136437e-02
   6.6769490e-02
   3.3965274e-02
   5.0421920e-03
  -1.3636058e-02
  -3.2129395e-02
  -2.0919428e-02
  -2.8114113e-02
  -1.0555534e-02
  -3.3478016e-02
  -5.3445357e-02
  -3.0688011e-02
  -5.8734850e-03
  -1.4605480e-03
  -3.8792990e-02
  -4.3549351e-02
  -1.6280290e-03
   1.0707420e-02
  -1.0483159e-02
  -2.9006057e-02
  -8.7733770e-03
  -2.8538170e-03
  -2.2933695e-02
   1.7917395e-02
   5.6832710e-02
  -5.0021310e-03
  -5.4930573e-02
  -2.5757339e-02
  -4.9507547e-02
  -5.3408660e-02
  -1.4345537e-02
   3.9529990e-03
  -1.3991817e-02
  -4.0461693e-02
   4.5582990e-03
  -2.0466830e-02
  -4.6135483e-02
  -1.9780796e-02
  -2.1660500e-04
  -2.9715538e-02
  -1.4020359e-02
  -8.4815300e-04
  -2.1326155e-02
  -4.8483082e-02
  -1.1217103e-02
   2.0050928e-02
  -2.1396490e-03
   3.4636020e-03
   1.3517812e-02
   1.2770617e-02
   8.6498300e-03
   1.4326169e-02
  -2.1573860e-03
  -3.4507575e-02
  -5.3349536e-02
  -7.7652240e-03
  -3.1726746e-02
  -4.6619683e-02
   3.0201780e-03
  -1.0607522e-02
  -3.2566705e-02
   1.8948990e-03
   5.0644138e-02
   6.6930548e-02
   3.5717563e-02
   1.5223211e-02
  -5.8628830e-03
  -1.2838914e-02
   1.9258881e-02
   2.2931656e-02
   3.3043766e-02
   3.5407675e-02
   1.5813424e-02
   1.7231362e-02
   1.7196704e-02
  -1.5772649e-02
  -5.0729766e-02
   5.8022310e-03
   1.9936759e-02
  -4.2914290e-03
  -3.1915328e-02
   1.1626888e-02
  -1.2269090e-03
  -1.7840943e-02
   1.4968370e-02
   1.8124327e-02
   6.7401500e-03
   3.9707360e-03
   5.7010080e-03
   8.2706300e-04
  -1.6746140e-03
   5.9109970e-03
   8.4906050e-03
   5.9164000e-03
   4.6722640e-02
   6.0181328e-02
   2.8509628e-02
  -4.5520805e-02
   2.8622776e-02
   4.3863317e-02
   5.3626805e-02
   5.3581952e-02
   6.3192533e-02
   5.6607429e-02
   4.5665557e-02
   4.1114087e-02
   3.9786873e-02
   2.7553462e-02
   1.7338395e-02
   1.0574902e-02
  -1.8737980e-03
   2.4136547e-02
   3.3879646e-02
   1.9211990e-02
  -7.6816360e-03
  -1.3231370e-02
   1.6068266e-02
   3.6486165e-02
   5.3944846e-02
   7.4254694e-02
   5.3282258e-02
   1.9356740e-02
  -1.3485192e-02
  -4.1672700e-02
  -4.2002975e-02
  -1.7598334e-02
  -1.8044820e-03
   3.3224194e-02
   3.0989745e-02
   2.4654385e-02
   8.0324000e-03
   5.2837820e-03
  -4.5224170e-03
  -1.4403641e-02
  -3.0456617e-02
  -4.1028459e-02
  -2.7388325e-02
  -2.8573848e-02
  -1.4359808e-02
  -1.8946955e-02
  -4.0264955e-02
  -3.9012155e-02
  -3.7663534e-02
  -3.6119194e-02
  -3.9294520e-02
  -1.4820562e-02
   4.0043800e-04
   1.6283352e-02
   2.6869466e-02
   3.0738982e-02
  -4.0810310e-03
  -2.1497409e-02
  -4.0909193e-02
  -3.0935720e-03
   8.4257730e-03
  -2.6027471e-02
  -2.8854172e-02
  -1.7707406e-02
  -1.3376120e-02
  -3.8895947e-02
  -4.7269019e-02
   9.8611420e-03
   1.7203839e-02
  -7.0231260e-03
  -1.8080494e-02
  -2.5304740e-02
  -2.9060086e-02
  -1.9809339e-02
   2.1672740e-02
   2.0645220e-03
   1.4695180e-02
  -9.1790850e-03
  -2.7980575e-02
  -2.9348566e-02
   1.4255833e-02
  -4.5692060e-03
  -3.2391372e-02
  -8.5854060e-03
   6.8959100e-05
   8.0168040e-03
  -3.3284340e-03
  -8.0308700e-04
   1.5121275e-02
   2.5405658e-02
   2.9368953e-02
   2.9819512e-02
   2.4485170e-02
   3.4068230e-03
  -2.5349590e-03
   6.6454500e-03
  -5.1685930e-03
  -4.0418880e-03
   1.5450530e-02
  -1.4648289e-02
  -1.2363890e-02
   5.6551370e-03
   5.1392350e-03
  -2.2496390e-03
  -1.2357773e-02
   1.2789980e-03
  -7.5370900e-03
  -2.2347560e-02
  -2.0320041e-02
  -3.2513696e-02
  -2.3198730e-02
  -2.5239501e-02
   1.3437280e-03
   2.4710450e-02
   2.6137563e-02
   3.2768540e-03
  -4.9567688e-02
  -7.1551330e-03
   1.3403643e-02
   1.5720662e-02
   1.7309853e-02
   1.5004047e-02
   1.1124341e-02
  -3.2344482e-02
  -3.9494315e-02
  -4.2568720e-03
  -1.5269080e-03
  -8.5619600e-03
  -7.3400460e-03
   1.6032588e-02
  -4.4826620e-03
  -1.5830753e-02
   2.0727787e-02
   3.3896976e-02
   2.4377117e-02
   1.1754309e-02
  -2.2759380e-03
  -1.5411790e-03
  -3.3288410e-03
   1.2052983e-02
   2.1036655e-02
   3.2600343e-02
   2.9039698e-02
   1.4902100e-04
  -4.8889810e-03
   2.9736943e-02
   3.4541214e-02
   2.0600367e-02
   2.7440311e-02
   4.5157912e-02
   4.2947925e-02
   4.1220101e-02
   1.6327184e-02
   8.4297500e-04
  -6.8194560e-03
  -1.5307819e-02
  -1.1183464e-02
   1.3178363e-02
   1.6423005e-02
   1.0662568e-02
  -8.5683820e-03
  -2.3109026e-02
  -3.5153854e-02
  -7.3325030e-03
   1.0947990e-02
  -1.6741047e-02
   2.5934710e-03
  -4.8971361e-02
  -7.5923400e-03
  -1.6931668e-02
  -3.0297594e-02
  -4.5159950e-03
   2.4435220e-03
  -2.6768550e-02
  -3.3512670e-03
   1.6579987e-02
  -5.0029460e-03
  -1.8390381e-02
   1.8257864e-02
   3.3506559e-02
  -1.2383258e-02
  -3.7435196e-02
   1.1324136e-02
   4.2821526e-02
  -3.4733880e-03
  -6.6378050e-03
   3.7917356e-02
  -1.1335350e-03
  -5.3001931e-02
  -1.6468876e-02
   1.9344510e-03
   3.4042740e-03
   1.2725765e-02
  -3.4889839e-02
  -3.3268030e-03
  -1.2315979e-02
  -1.0547380e-02
  -2.8310850e-02
  -2.4946943e-02
  -1.4793039e-02
  -2.6375075e-02
  -2.5951019e-02
  -8.4947840e-03
  -9.7113970e-03
  -1.6890894e-02
  -2.0024425e-02
  -1.3999972e-02
   3.7072300e-03
   8.2038570e-03
   2.1693127e-02
   2.9959165e-02
   3.1965279e-02
   3.1203812e-02
   7.8358660e-03
  -1.2545337e-02
   1.1816490e-02
   1.8209953e-02
   1.9269075e-02
   1.4104967e-02
   7.9202700e-03
  -4.2850070e-03
  -7.2506480e-03
   1.7852156e-02
   3.6417868e-02
   3.8445388e-02
   1.0782853e-02
   2.9331236e-02
   1.3653388e-02
  -3.4111040e-03
  -4.3436200e-03
   3.4119199e-02
   2.6496379e-02
   6.7953990e-03
  -1.0330255e-02
   4.8010100e-03
  -1.5056035e-02
  -2.2177326e-02
  -1.8343490e-02
  -7.5316870e-03
  -2.3290473e-02
  -3.6993811e-02
  -4.2691046e-02
  -1.3535141e-02
  -1.6069280e-03
  -2.0986710e-03
   1.7725755e-02
  -3.4936730e-03
  -2.4000971e-02
  -2.5075383e-02
   3.2455592e-02
   1.9593233e-02
   5.3339340e-03
  -1.4649308e-02
  -1.7440332e-02
  -1.0047788e-02
   9.5594100e-03
   1.3134530e-02
   3.3261910e-03
  -1.2927599e-02
  -1.2424032e-02
   1.0494372e-02
  -9.9129300e-04
  -2.2903110e-03
  -6.3895900e-03
  -1.2202830e-02
  -1.4695180e-02
   2.5101890e-03
   3.7866390e-03
   7.6293430e-03
   1.1977550e-02
  -1.9398530e-03
   6.1481020e-03
   1.6165110e-03
  -1.0439327e-02
  -1.3935752e-02
  -2.3309841e-02
  -2.3947964e-02
  -4.1009092e-02
  -4.4430084e-02
  -1.5718623e-02
  -5.7478990e-03
   1.6098846e-02
   1.9722692e-02
   7.8738880e-03
  -4.5043740e-03
  -4.7041700e-03
  -2.5382210e-03
  -2.8729810e-03
   1.1457673e-02
   1.5872547e-02
   1.5601396e-02
   4.0017250e-03
   6.5555420e-03
  -8.9677700e-03
  -3.3339382e-02
  -3.3554469e-02
  -1.3886820e-03
  -7.5826560e-03
   7.5724620e-03
   2.1202812e-02
   1.5557563e-02
   1.0131478e-02
   1.5362864e-02
   1.0693149e-02
  -1.4783864e-02
   6.0379080e-03
   7.5597200e-03
   1.0386320e-02
   9.8874400e-04
   2.3175285e-02
   2.0634006e-02
  -5.9504470e-03
  -2.4650307e-02
  -6.2827600e-03
  -7.2773600e-04
  -1.3197731e-02
   1.7199762e-02
   2.9999940e-02
   5.4315900e-03
   2.1594248e-02
   7.7464680e-03
   5.3965230e-03
  -3.0635000e-04
   1.1901100e-03
  -1.9947970e-03
  -5.9277150e-03
   8.7711340e-03
   7.6325020e-03
   1.3494366e-02
   1.5187533e-02
  -7.7069160e-03
  -1.4473977e-02
  -1.8524937e-02
  -2.2462748e-02
  -2.3775691e-02
  -2.8219110e-03
   2.9406670e-03
   6.7176220e-03
  -8.3740910e-03
  -2.1306787e-02
  -8.3552330e-03
  -7.5573750e-03
   9.5521700e-04
   3.9926530e-03
  -4.9730790e-03
  -7.5136440e-03
  -4.6685940e-03
  -1.4972447e-02
   5.7690000e-03
   1.1165115e-02
   1.3439321e-02
   1.4550430e-02
   1.4570817e-02
   2.5822578e-02
   3.0748155e-02
   3.7011140e-02
   3.5560580e-02
   2.8966302e-02
   3.5150796e-02
   1.5112100e-02
   1.3688046e-02
   3.5935710e-03
  -8.3393310e-03
   8.0648160e-03
   1.6167144e-02
   2.4650307e-02
   1.3074388e-02
  -3.1823580e-03
  -7.4718500e-03
  -1.1080508e-02
  -1.2804256e-02
   4.5441300e-03
   1.4297627e-02
   2.6118193e-02
   1.7832788e-02
   1.5528002e-02
   5.8208850e-03
  -4.1778710e-03
   3.7139580e-03
   5.0942810e-03
   6.8832690e-03
  -1.1455635e-02
  -2.3802195e-02
  -5.9245550e-03
   1.3975507e-02
   1.6088653e-02
   3.4887800e-04
   8.4877500e-04
   1.0331274e-02
  -2.5151836e-02
  -4.3317957e-02
  -2.3111065e-02
   1.5391407e-02
   2.7210955e-02
   2.7167123e-02
   3.3770574e-02
   2.2398528e-02
  -1.8979570e-03
  -3.3468842e-02
   9.7016120e-03
   1.4719644e-02
  -1.2939831e-02
  -3.8608490e-03
  -6.9723610e-03
  -2.5153874e-02
  -1.7940841e-02
   4.8518760e-03
   1.1182445e-02
   1.0746156e-02
  -9.7729670e-03
  -1.1058082e-02
  -5.5860234e-02
  -1.2262972e-02
   8.3050800e-03
  -6.0545240e-03
  -2.0268053e-02
  -3.4747128e-02
  -1.1667663e-02
  -1.2598344e-02
  -2.5439300e-03
   6.9287320e-03
   1.5831773e-02
  -4.4218060e-03
  -1.4268065e-02
  -2.7834810e-03
  -3.9883710e-03
  -2.0113110e-02
  -2.8392400e-02
  -2.7427060e-02
  -2.9001982e-02
  -3.1351619e-02
   6.5359710e-03
   1.1252781e-02
  -1.3931674e-02
  -2.4177322e-02
  -1.0564709e-02
  -1.5343496e-02
  -2.5328186e-02
  -2.2086602e-02
  -2.7614620e-03
  -7.7056930e-03
  -2.3494346e-02
  -9.0830600e-03
   6.4762400e-04
  -1.5915361e-02
  -1.5027493e-02
   1.4419951e-02
  -2.8958150e-03
  -4.5180340e-03
  -5.2202750e-03
  -1.0227299e-02
  -1.5331264e-02
  -1.9491296e-02
  -1.6548387e-02
  -2.9764470e-03
  -3.2855200e-04
   2.3649290e-03
   1.3643194e-02
   1.2321076e-02
  -4.8950970e-03
   8.9848950e-03
  -1.0292538e-02
   1.2271127e-02
   1.4856239e-02
   1.4425048e-02
  -1.0564710e-03
   1.2358793e-02
   1.5460723e-02
  -1.1548400e-04
  -5.8334200e-04
   1.0193660e-02
   2.1167134e-02
   2.1997917e-02
  -9.6517600e-04
  -5.4961150e-03
   1.3065213e-02
  -1.1869500e-03
  -1.0612619e-02
  -9.5970250e-03
  -1.3730859e-02
  -1.6173260e-02
   1.0724750e-03
   1.1192638e-02
   1.3220157e-02
   1.5022396e-02
   1.9876617e-02
   2.2815449e-02
   2.4710450e-02
   2.7330221e-02
   2.4870491e-02
   4.2377080e-03
   1.1524951e-02
   9.7213870e-03
  -3.4387290e-03
   1.9926570e-03
   2.0767543e-02
   9.9241390e-03
   5.5189490e-03
  -9.1003890e-03
  -3.9412770e-03
  -2.1837880e-03
   1.5024430e-03
   3.8329180e-03
   2.4360808e-02
  -5.0729770e-03
  -7.0262860e-03
  -8.3724600e-03
   1.9068260e-02
   2.2937770e-03
  -1.3437282e-02
   2.4121260e-03
   1.4839930e-02
  -5.8421900e-03
  -2.6597295e-02
   2.1013210e-02
   6.7433100e-03
   5.8297540e-03
   1.6269081e-02
   1.7199762e-02
   6.7094700e-04
   2.2413820e-03
   8.6507470e-03
   8.3015130e-03
   7.3198630e-03
   2.4358769e-02
   2.1381201e-02
   8.7646100e-03
  -1.2801198e-02
  -2.1725747e-02
  -2.7661514e-02
  -5.9401510e-03
  -5.2134450e-03
   1.4234426e-02
  -1.2243604e-02
  -2.1324116e-02
  -2.7313909e-02
   1.0217105e-02
   1.3427088e-02
   1.4320053e-02
   3.2383219e-02
   8.8488100e-03
  -1.5148797e-02
  -2.5162029e-02
  -2.8474969e-02
   1.9320043e-02
   9.0191500e-04
  -3.6685960e-03
  -5.7418850e-03
  -1.1587133e-02
  -1.2646254e-02
  -8.8089530e-03
   4.3497370e-03
   2.1904140e-03
   6.7465720e-03
   5.2140570e-03
  -8.4869350e-03
  -1.2934735e-02
  -2.0476004e-02
  -2.2209945e-02
   1.0780814e-02
  -1.4477035e-02
  -1.8637068e-02
  -1.1285400e-02
  -1.1127399e-02
  -1.5420968e-02
   1.0349623e-02
   8.7674650e-03
  -7.7550300e-04
  -7.4816370e-03
  -8.4655280e-03
  -1.1841974e-02
  -3.0535110e-03
   4.8716520e-03
   6.0750130e-03
   4.2266990e-03
   1.2495388e-02
  -2.1082527e-02
   3.9339370e-03
  -1.3273164e-02
  -1.2875611e-02
  -1.9608523e-02
  -2.2626866e-02
  -2.4237464e-02
   8.8918270e-03
  -2.5992800e-04
  -3.4288410e-03
  -1.2494368e-02
  -2.2407702e-02
   3.4892897e-02
   5.4328127e-02
   3.2462728e-02
  -1.8276212e-02
  -8.2521752e-02
  -1.0257880e-01
  -9.0115008e-02
  -7.4962134e-02
   7.9670585e-02
   1.2927599e-01
   1.7289466e-01
   9.5551286e-02
  -1.7974480e-02
  -8.9737843e-02
  -2.1468866e-01
  -5.0395415e-02
   7.0163979e-02
   1.2658486e-01
  -7.3851030e-03
  -7.4939707e-02
  -9.2749050e-02
  -4.3187478e-02
   4.8227223e-02
   6.6079379e-02
   7.9114012e-02
  -2.1329213e-02
  -8.4027356e-02
   8.9270000e-04
   5.4131390e-02
  -1.8415865e-02
  -4.2860260e-02
   5.4141584e-02
   8.5919298e-02
   8.8685860e-03
  -5.2213962e-02
  -3.3680871e-02
  -4.5217036e-02
   4.7063106e-02
   9.0136416e-02
   4.1937735e-02
  -1.4060115e-02
  -4.8530993e-02
   7.5179260e-03
   6.0106912e-02
   6.2648194e-02
   3.0881690e-02
   2.3719630e-03
  -1.9042775e-02
   6.5823520e-03
   7.3772530e-03
   3.4510633e-02
   4.9555457e-02
   3.8558536e-02
   1.4407718e-02
  -1.8147772e-02
  -3.3254775e-02
   3.2833777e-02
   4.4217037e-02
   3.0917369e-02
   2.8417885e-02
   2.8761409e-02
   2.0162039e-02
  -1.2076428e-02
  -1.5109042e-02
   3.2537141e-02
   3.8521839e-02
   2.1143689e-02
   1.8207915e-02
   1.2173268e-02
  -6.1597230e-03
  -5.4910190e-03
   1.2748191e-02
  -4.5318973e-02
  -7.9335210e-03
  -4.9905100e-03
   1.9863365e-02
   1.7161026e-02
  -4.2014190e-03
  -1.0620774e-02
   3.1143670e-03
   3.1884750e-03
   7.6425940e-03
   1.1874594e-02
  -5.5240460e-03
   5.5848000e-03
   3.0226240e-03
  -2.2600363e-02
  -2.3392410e-02
  -1.4509655e-02
  -1.4338401e-02
  -2.4028494e-02
  -2.0452558e-02
  -5.6947900e-03
   3.7398500e-05
  -1.6631975e-02
   2.5447450e-03
   3.4674750e-03
   1.3392430e-03
  -1.6318010e-02
  -1.5352671e-02
  -1.1393450e-03
  -1.9343490e-03
  -1.6754299e-02
  -2.4150818e-02
  -2.5583027e-02
  -1.8038700e-02
  -2.0020347e-02
  -1.8398536e-02
  -1.5316993e-02
   4.6002970e-03
   2.9592190e-03
  -1.4401602e-02
  -1.4648289e-02
  -1.6131466e-02
  -1.8240534e-02
  -6.8372950e-03
  -1.0438307e-02
  -3.4462725e-02
  -3.0231336e-02
  -2.8612582e-02
   2.6085570e-03
   6.2810270e-03
   7.7503410e-03
  -7.2039610e-03
  -1.5135546e-02
  -1.7705367e-02
  -1.5166127e-02
  -6.8499350e-03
  -2.9425020e-03
  -3.6144680e-03
  -1.2378161e-02
  -1.6255829e-02
  -2.0369990e-02
  -1.7174278e-02
  -1.5021377e-02
  -4.1295530e-03
   3.5869450e-03
   6.8449400e-03
   1.0967358e-02
   1.1090702e-02
   8.6489120e-03
   9.7890730e-03
   1.1677856e-02
   2.8127364e-02
  -3.5499420e-03
   1.2170210e-02
  -4.4053939e-02
  -8.8040600e-03
   9.8825490e-03
   2.1506583e-02
   1.0752272e-02
   2.2065200e-03
   1.6081517e-02
   7.1909130e-03
   1.8181410e-03
   9.2254700e-04
   3.9074330e-03
   4.4500420e-03
   7.8649180e-03
   2.6413810e-02
   3.6309815e-02
   2.4653366e-02
   1.5856237e-02
   4.9736900e-03
   2.8477010e-03
   1.7895990e-03
  -5.6880620e-03
  -1.4812407e-02
   2.1220140e-03
   1.1755328e-02
